0
0
10
0
0
10
0
0
10
0
0
10
0
0
10
0
0
10
0
0
10
0
0
10
0
0
10
0
0
10
-0
0
10
-0
0
10
-0
0
10
-0
0
10
-0
0
10
-0
0
10
-0
0
10
-0
0
10
-0
0
10
-0
0
10
-0
-0
10
-0
-0
10
-0
-0
10
-0
-0
10
-0
-0
10
-0
-0
10
-0
-0
10
-0
-0
10
-0
-0
10
-0
-0
10
0
-0
10
0
-0
10
0
-0
10
0
-0
10
0
-0
10
0
-0
10
0
-0
10
0
-0
10
0
-0
10
0
-0
10
0.804665687167259
0
9.9675730813421
0.794245477854159
0.12907745354079
9.9675730813421
0.763254727862586
0.254811868836139
9.9675730813421
0.71249608133863
0.373946790575147
9.9675730813421
0.643284160564971
0.483396686863468
9.9675730813421
0.557411517934297
0.580326862878619
9.9675730813421
0.45710220978392
0.662226877976886
9.9675730813421
0.344954194504881
0.726975564787322
9.9675730813421
0.223872046784264
0.772895966332456
9.9675730813421
0.0969917306465096
0.798798768333146
9.9675730813421
-0.0324006203675782
0.804013101823691
9.9675730813421
-0.160953812333408
0.788403918305648
9.9675730813421
-0.28533838510495
0.752375487433008
9.9675730813421
-0.40233284358363
0.696860926640508
9.9675730813421
-0.508907092749209
0.623298033892218
9.9675730813421
-0.602300915529178
0.533592049469509
9.9675730813421
-0.680095460971052
0.430066311248544
9.9675730813421
-0.74027589121148
0.315402081469678
9.9675730813421
-0.781283564718561
0.192569103453837
9.9675730813421
-0.802056404288801
0.0647486868104358
9.9675730813421
-0.802056404288801
-0.0647486868104356
9.9675730813421
-0.781283564718561
-0.192569103453837
9.9675730813421
-0.74027589121148
-0.315402081469678
9.9675730813421
-0.680095460971052
-0.430066311248543
9.9675730813421
-0.602300915529178
-0.533592049469509
9.9675730813421
-0.508907092749209
-0.623298033892218
9.9675730813421
-0.402332843583629
-0.696860926640508
9.9675730813421
-0.28533838510495
-0.752375487433008
9.9675730813421
-0.160953812333409
-0.788403918305648
9.9675730813421
-0.0324006203675782
-0.804013101823691
9.9675730813421
0.0969917306465091
-0.798798768333146
9.9675730813421
0.223872046784264
-0.772895966332456
9.9675730813421
0.344954194504881
-0.726975564787322
9.9675730813421
0.45710220978392
-0.662226877976886
9.9675730813421
0.557411517934297
-0.580326862878619
9.9675730813421
0.643284160564971
-0.483396686863468
9.9675730813421
0.71249608133863
-0.373946790575147
9.9675730813421
0.763254727862587
-0.254811868836139
9.9675730813421
0.794245477854159
-0.12907745354079
9.9675730813421
0.804665687167259
-1.97086251634618e-16
9.9675730813421
1.6041128085776
0
9.87050262637913
1.58333996900736
0.257317790264272
9.87050262637913
1.52155945593004
0.507971184923515
9.87050262637913
1.42037135218253
0.745468392718222
9.87050262637913
1.28239637650023
0.963658360718052
9.87050262637913
1.11120800827839
1.15689008336173
9.87050262637913
0.911239936332839
1.32015896053273
9.87050262637913
0.68767122868858
1.44923641407352
9.87050262637913
0.446292197438359
1.54077940573866
9.87050262637913
0.193354432700987
1.59241702012934
9.87050262637913
-0.0645911102789314
1.60281187015684
9.87050262637913
-0.320863777430774
1.5716947346656
9.87050262637913
-0.568826241289145
1.49987153111978
9.87050262637913
-0.802056404288802
1.38920244276421
9.87050262637913
-1.01451372771822
1.24255374085551
9.87050262637913
-1.20069567849927
1.06372354974209
9.87050262637913
-1.3557802419036
0.857343477438616
9.87050262637913
-1.47575080920122
0.628758659411287
9.87050262637913
-1.55750020571675
0.383889322376929
9.87050262637913
-1.59891116502142
0.12907745354079
9.87050262637913
-1.59891116502142
-0.12907745354079
9.87050262637913
-1.55750020571675
-0.383889322376929
9.87050262637913
-1.47575080920122
-0.628758659411285
9.87050262637913
-1.3557802419036
-0.857343477438615
9.87050262637913
-1.20069567849927
-1.06372354974209
9.87050262637913
-1.01451372771822
-1.24255374085551
9.87050262637913
-0.802056404288801
-1.38920244276421
9.87050262637913
-0.568826241289146
-1.49987153111978
9.87050262637913
-0.320863777430774
-1.5716947346656
9.87050262637913
-0.0645911102789315
-1.60281187015684
9.87050262637913
0.193354432700986
-1.59241702012934
9.87050262637913
0.446292197438358
-1.54077940573866
9.87050262637913
0.687671228688579
-1.44923641407352
9.87050262637913
0.911239936332838
-1.32015896053273
9.87050262637913
1.11120800827839
-1.15689008336173
9.87050262637913
1.28239637650023
-0.963658360718053
9.87050262637913
1.42037135218253
-0.745468392718222
9.87050262637913
1.52155945593004
-0.507971184923514
9.87050262637913
1.58333996900736
-0.257317790264273
9.87050262637913
1.6041128085776
-3.92894323299166e-16
9.87050262637913
2.39315664287558
0
9.70941817426052
2.362165892884
0.383889322376929
9.70941817426052
2.26999628705538
0.757836112952076
9.70941817426052
2.11903496976619
1.11215534627475
9.70941817426052
1.9131917598379
1.43767034031723
9.70941817426052
1.65779788828319
1.72595042771897
9.70941817426052
1.3594679222231
1.96952930564283
9.70941817426052
1.02592845107307
2.16209840909666
9.70941817426052
0.665817971935655
2.29867029945292
9.70941817426052
0.288463157063196
2.37570783648929
9.70941817426052
-0.096362702054477
2.39121578846248
9.70941817426052
-0.478692817805936
2.34479250756235
9.70941817426052
-0.848625041021988
2.23764033237916
9.70941817426052
-1.19657832143779
2.07253444796573
9.70941817426052
-1.51354085186202
1.85375101000223
9.70941817426052
-1.79130346924944
1.58695639461027
9.70941817426052
-2.02267226771171
1.27906044218773
9.70941817426052
-2.20165491690109
0.938037496172059
9.70941817426052
-2.32361586021884
0.57271987173395
9.70941817426052
-2.38539637329616
0.192569103453837
9.70941817426052
-2.38539637329616
-0.192569103453837
9.70941817426052
-2.32361586021884
-0.572719871733951
9.70941817426052
-2.20165491690109
-0.938037496172057
9.70941817426052
-2.02267226771171
-1.27906044218773
9.70941817426052
-1.79130346924944
-1.58695639461027
9.70941817426052
-1.51354085186202
-1.85375101000223
9.70941817426052
-1.19657832143779
-2.07253444796573
9.70941817426052
-0.848625041021989
-2.23764033237916
9.70941817426052
-0.478692817805937
-2.34479250756235
9.70941817426052
-0.096362702054477
-2.39121578846248
9.70941817426052
0.288463157063194
-2.37570783648929
9.70941817426052
0.665817971935654
-2.29867029945292
9.70941817426052
1.02592845107306
-2.16209840909666
9.70941817426052
1.3594679222231
-1.96952930564283
9.70941817426052
1.65779788828319
-1.72595042771897
9.70941817426052
1.9131917598379
-1.43767034031723
9.70941817426052
2.11903496976619
-1.11215534627475
9.70941817426052
2.26999628705538
-0.757836112952075
9.70941817426052
2.362165892884
-0.38388932237693
9.70941817426052
2.39315664287558
-5.8615432451116e-16
9.70941817426052
3.16667993801472
0
9.48536441947146
3.12567226450764
0.507971184923515
9.48536441947146
3.00371132118989
1.00278618298249
9.48536441947146
2.80395583243027
1.47162954564157
9.48536441947146
2.53157936046092
1.90235847607995
9.48536441947146
2.19363631283307
2.28381732125078
9.48536441947146
1.79887923696697
2.60612649743524
9.48536441947146
1.3575321337712
2.86093836627138
9.48536441947146
0.881025661389567
3.04165343420285
9.48536441947146
0.381701087159427
3.14359127589549
9.48536441947146
-0.127509344729787
3.16411175479494
9.48536441947146
-0.633417351568076
3.10268340127662
9.48536441947146
-1.12292018171957
2.96089717742981
9.48536441947146
-1.58333996900736
2.74242527197528
9.48536441947146
-2.00275208278807
2.4529259925063
9.48536441947146
-2.37029396962182
2.09989721829412
9.48536441947146
-2.67644648770048
1.69248220915337
9.48536441947146
-2.91328044762035
1.24123279981554
9.48536441947146
-3.07466197422263
0.757836112952076
9.48536441947146
-3.15641137073816
0.25481186883614
9.48536441947146
-3.15641137073816
-0.254811868836139
9.48536441947146
-3.07466197422263
-0.757836112952076
9.48536441947146
-2.91328044762035
-1.24123279981554
9.48536441947146
-2.67644648770048
-1.69248220915337
9.48536441947146
-2.37029396962182
-2.09989721829412
9.48536441947146
-2.00275208278807
-2.4529259925063
9.48536441947146
-1.58333996900736
-2.74242527197528
9.48536441947146
-1.12292018171958
-2.96089717742981
9.48536441947146
-0.633417351568077
-3.10268340127661
9.48536441947146
-0.127509344729787
-3.16411175479494
9.48536441947146
0.381701087159425
-3.14359127589549
9.48536441947146
0.881025661389564
-3.04165343420286
9.48536441947146
1.3575321337712
-2.86093836627138
9.48536441947146
1.79887923696697
-2.60612649743524
9.48536441947146
2.19363631283307
-2.28381732125078
9.48536441947146
2.53157936046092
-1.90235847607995
9.48536441947146
2.80395583243027
-1.47162954564157
9.48536441947146
3.00371132118989
-1.00278618298249
9.48536441947146
3.12567226450764
-0.507971184923516
9.48536441947146
3.16667993801472
-7.75612890002774e-16
9.48536441947146
3.91966609860075
0
9.19979443658824
3.86890745207679
0.628758659411286
9.19979443658824
3.71794613478761
1.24123279981554
9.19979443658824
3.47069196555464
1.82155966269416
9.19979443658824
3.1335486974844
2.35470908713026
9.19979443658824
2.7152481641267
2.82687278308144
9.19979443658824
2.22662412957233
3.22582195883875
9.19979443658824
1.68033169965387
3.54122404030843
9.19979443658824
1.090519561352
3.7649102792535
9.19979443658824
0.472463539234668
3.89108731958226
9.19979443658824
-0.157829040375163
3.91648724222795
9.19979443658824
-0.784033930743055
3.840452202536
9.19979443658824
-1.38993275413877
3.66495146809507
9.19979443658824
-1.95983304930038
3.39453041574089
9.19979443658824
-2.47897469793802
3.03619280868379
9.19979443658824
-2.93391220404455
2.59921940272046
9.19979443658824
-3.31286292517948
2.09492757953379
9.19979443658824
-3.60601223671907
1.536378232452
9.19979443658824
-3.8057677254787
0.938037496172058
9.19979443658824
-3.90695582922621
0.315402081469679
9.19979443658824
-3.90695582922621
-0.315402081469678
9.19979443658824
-3.8057677254787
-0.938037496172059
9.19979443658824
-3.60601223671907
-1.536378232452
9.19979443658824
-3.31286292517948
-2.09492757953378
9.19979443658824
-2.93391220404455
-2.59921940272046
9.19979443658824
-2.47897469793802
-3.03619280868379
9.19979443658824
-1.95983304930037
-3.39453041574089
9.19979443658824
-1.38993275413878
-3.66495146809507
9.19979443658824
-0.784033930743057
-3.840452202536
9.19979443658824
-0.157829040375163
-3.91648724222795
9.19979443658824
0.472463539234665
-3.89108731958226
9.19979443658824
1.09051956135199
-3.7649102792535
9.19979443658824
1.68033169965387
-3.54122404030843
9.19979443658824
2.22662412957233
-3.22582195883875
9.19979443658824
2.7152481641267
-2.82687278308144
9.19979443658824
3.1335486974844
-2.35470908713026
9.19979443658824
3.47069196555464
-1.82155966269416
9.19979443658824
3.71794613478761
-1.24123279981554
9.19979443658824
3.86890745207679
-0.628758659411288
9.19979443658824
3.91966609860075
-9.60041308275561e-16
9.19979443658824
4.64723172043769
0
8.8545602565321
4.58705129019726
0.745468392718222
8.8545602565321
4.40806864100787
1.47162954564157
8.8545602565321
4.11491932946828
2.15967626634422
8.8545602565321
3.71519576876311
2.79178850617429
8.8545602565321
3.2192505891495
3.35159489015346
8.8545602565321
2.63992851027143
3.82459672698943
8.8545602565321
1.99223366966795
4.19854351756458
8.8545602565321
1.29294102349227
4.46375023642822
8.8545602565321
0.560161883958792
4.61334816886846
8.8545602565321
-0.187125154129718
4.64346280701527
8.8545602565321
-0.929565749018587
4.55331419755915
8.8545602565321
-1.64793107928629
4.34523714213212
8.8545602565321
-2.32361586021884
4.0246207271719
8.8545602565321
-2.93912021091096
3.5997687494139
8.8545602565321
-3.47850289198928
3.08168465191758
8.8545602565321
-3.92779417533856
2.48378654067105
8.8545602565321
-4.2753576527219
1.82155966269416
8.8545602565321
-4.51219161264176
1.11215534627475
8.8545602565321
-4.63216217993938
0.373946790575148
8.8545602565321
-4.63216217993938
-0.373946790575147
8.8545602565321
-4.51219161264176
-1.11215534627476
8.8545602565321
-4.2753576527219
-1.82155966269416
8.8545602565321
-3.92779417533857
-2.48378654067105
8.8545602565321
-3.47850289198929
-3.08168465191758
8.8545602565321
-2.93912021091096
-3.5997687494139
8.8545602565321
-2.32361586021884
-4.0246207271719
8.8545602565321
-1.6479310792863
-4.34523714213212
8.8545602565321
-0.929565749018589
-4.55331419755915
8.8545602565321
-0.187125154129718
-4.64346280701527
8.8545602565321
0.560161883958789
-4.61334816886846
8.8545602565321
1.29294102349226
-4.46375023642822
8.8545602565321
1.99223366966795
-4.19854351756458
8.8545602565321
2.63992851027143
-3.82459672698943
8.8545602565321
3.2192505891495
-3.35159489015346
8.8545602565321
3.71519576876311
-2.79178850617429
8.8545602565321
4.11491932946828
-2.15967626634422
8.8545602565321
4.40806864100787
-1.47162954564157
8.8545602565321
4.58705129019726
-0.745468392718224
8.8545602565321
4.64723172043769
-1.13824349026601e-15
8.8545602565321
5.34465826127801
0
8.45190085543795
5.27544634050435
0.857343477438615
8.45190085543795
5.06960313057606
1.69248220915337
8.45190085543795
4.73245986250582
2.48378654067105
8.45190085543795
4.27274836984344
3.21076210545837
8.45190085543795
3.70237493877355
3.85458061825004
8.45190085543795
3.03611194155747
4.39856751774704
8.45190085543795
2.29121523985126
4.82863382899559
8.45190085543795
1.48697726695289
5.13364106043777
8.45190085543795
0.644227363913638
5.30568968499216
8.45190085543795
-0.215207689453911
5.34032373365578
8.45190085543795
-1.069068976708
5.23664620276067
8.45190085543795
-1.89524193902144
4.99734228589773
8.45190085543795
-2.67232913063901
4.62860982881312
8.45190085543795
-3.38020440148291
4.13999880845911
8.45190085543795
-4.00053415386806
3.5441639936073
8.45190085543795
-4.51725217305191
2.85653719298473
8.45190085543795
-4.91697573375708
2.09492757953379
8.45190085543795
-5.18935220572643
1.27906044218773
8.45190085543795
-5.32732718140874
0.430066311248545
8.45190085543795
-5.32732718140874
-0.430066311248543
8.45190085543795
-5.18935220572643
-1.27906044218773
8.45190085543795
-4.91697573375708
-2.09492757953378
8.45190085543795
-4.51725217305191
-2.85653719298473
8.45190085543795
-4.00053415386806
-3.5441639936073
8.45190085543795
-3.38020440148291
-4.13999880845911
8.45190085543795
-2.672329130639
-4.62860982881312
8.45190085543795
-1.89524193902144
-4.99734228589773
8.45190085543795
-1.069068976708
-5.23664620276067
8.45190085543795
-0.215207689453911
-5.34032373365578
8.45190085543795
0.644227363913634
-5.30568968499216
8.45190085543795
1.48697726695288
-5.13364106043777
8.45190085543795
2.29121523985126
-4.82863382899559
8.45190085543795
3.03611194155747
-4.39856751774705
8.45190085543795
3.70237493877355
-3.85458061825004
8.45190085543795
4.27274836984344
-3.21076210545837
8.45190085543795
4.73245986250582
-2.48378654067105
8.45190085543795
5.06960313057606
-1.69248220915337
8.45190085543795
5.27544634050435
-0.857343477438617
8.45190085543795
5.34465826127801
-1.30906372644211e-15
8.45190085543795
6.00742264237979
0
7.99442763403501
5.92962809693791
0.963658360718052
7.99442763403501
5.69825929847564
1.90235847607995
7.99442763403501
5.31930857734071
2.79178850617429
7.99442763403501
4.80259055815686
3.60891268041774
7.99442763403501
4.16148796620147
4.33256791191295
7.99442763403501
3.41260502185049
4.9440119102828
7.99442763403501
2.5753373999925
5.42740859714627
7.99442763403501
1.67136989223718
5.77023825223018
7.99442763403501
0.72411478220312
5.963621767548
7.99442763403501
-0.241894520330009
6.00255061163266
7.99442763403501
-1.20163888184793
5.88601654787078
7.99442763403501
-2.13026142751785
5.61703774730124
7.99442763403501
-3.0037113211899
5.20258061957074
7.99442763403501
-3.79936666942006
4.65337938658318
7.99442763403501
-4.49662041662771
3.98365807179083
7.99442763403501
-5.0774140570107
3.21076210545837
7.99442763403501
-5.52670534035998
2.35470908713026
7.99442763403501
-5.83285785843865
1.43767034031723
7.99442763403501
-5.98794242184298
0.483396686863469
7.99442763403501
-5.98794242184298
-0.483396686863468
7.99442763403501
-5.83285785843865
-1.43767034031724
7.99442763403501
-5.52670534035998
-2.35470908713026
7.99442763403501
-5.0774140570107
-3.21076210545837
7.99442763403501
-4.49662041662771
-3.98365807179083
7.99442763403501
-3.79936666942006
-4.65337938658318
7.99442763403501
-3.00371132118989
-5.20258061957074
7.99442763403501
-2.13026142751786
-5.61703774730124
7.99442763403501
-1.20163888184794
-5.88601654787078
7.99442763403501
-0.241894520330009
-6.00255061163266
7.99442763403501
0.724114782203116
-5.963621767548
7.99442763403501
1.67136989223718
-5.77023825223018
7.99442763403501
2.57533739999249
-5.42740859714627
7.99442763403501
3.41260502185048
-4.9440119102828
7.99442763403501
4.16148796620147
-4.33256791191295
7.99442763403501
4.80259055815686
-3.60891268041774
7.99442763403501
5.31930857734071
-2.79178850617429
7.99442763403501
5.69825929847564
-1.90235847607995
7.99442763403501
5.92962809693791
-0.963658360718055
7.99442763403501
6.00742264237979
-1.47139418202315e-15
7.99442763403501
6.63122658240795
0
7.48510748171101
6.54535393977728
1.06372354974209
7.48510748171101
6.28996006822257
2.09989721829412
7.48510748171101
5.87165953486486
3.08168465191758
7.48510748171101
5.30128610379497
3.98365807179083
7.48510748171101
4.59361214727422
4.78245684012397
7.48510748171101
3.76696604905248
5.45739248840688
7.48510748171101
2.84275750885649
5.99098453787638
7.48510748171101
1.84492304241291
6.36941323473424
7.48510748171101
0.799306038264306
6.58287747451128
7.48510748171101
-0.2670125724192
6.62584864552488
7.48510748171101
-1.3264156977323
6.49721381701751
7.48510748171101
-2.35146535320823
6.20030456347873
7.48510748171101
-3.31561329120398
5.74281067861595
7.48510748171101
-4.19388858656905
5.13658101373664
7.48510748171101
-4.96354437049027
4.39731659872339
7.48510748171101
-5.60464696244566
3.5441639936073
7.48510748171101
-6.10059214205927
2.59921940272046
7.48510748171101
-6.43853518968712
1.58695639461027
7.48510748171101
-6.60972355790897
0.53359204946951
7.48510748171101
-6.60972355790897
-0.533592049469508
7.48510748171101
-6.43853518968712
-1.58695639461027
7.48510748171101
-6.10059214205928
-2.59921940272045
7.48510748171101
-5.60464696244566
-3.5441639936073
7.48510748171101
-4.96354437049027
-4.39731659872338
7.48510748171101
-4.19388858656905
-5.13658101373664
7.48510748171101
-3.31561329120397
-5.74281067861595
7.48510748171101
-2.35146535320823
-6.20030456347873
7.48510748171101
-1.3264156977323
-6.49721381701751
7.48510748171101
-0.2670125724192
-6.62584864552488
7.48510748171101
0.799306038264301
-6.58287747451129
7.48510748171101
1.8449230424129
-6.36941323473425
7.48510748171101
2.84275750885648
-5.99098453787639
7.48510748171101
3.76696604905248
-5.45739248840688
7.48510748171101
4.59361214727422
-4.78245684012397
7.48510748171101
5.30128610379497
-3.98365807179083
7.48510748171101
5.87165953486486
-3.08168465191758
7.48510748171101
6.28996006822257
-2.09989721829412
7.48510748171101
6.54535393977728
-1.06372354974209
7.48510748171101
6.63122658240795
-1.62418208171335e-15
7.48510748171101
7.21202447343815
0
6.92724353509599
7.11863065065818
1.15689008336173
6.92724353509599
6.84086803327075
2.28381732125078
6.92724353509599
6.38593052716422
3.35159489015346
6.92724353509599
5.76560077477907
4.33256791191295
6.92724353509599
4.99594499085785
5.20132970054708
6.92724353509599
4.09689685592254
5.93537978206979
6.92724353509599
3.09174124441971
6.51570664494841
6.92724353509599
2.00651115870335
6.92728012826605
6.92724353509599
0.869313487948378
7.15944069499439
6.92724353509599
-0.290398945515096
7.2061755084035
6.92724353509599
-1.44259019882927
7.06627416137475
6.92724353509599
-2.55741912375153
6.74336002530939
6.92724353509599
-3.60601223671907
6.24579640671252
6.92724353509599
-4.56121152690664
5.58646994194766
6.92724353509599
-5.39827783444148
4.78245684012398
6.92724353509599
-6.09553158164913
3.85458061825004
6.92724353509599
-6.63491426272745
2.82687278308144
6.92724353509599
-7.0024561495612
1.72595042771897
6.92724353509599
-7.18863810034225
0.580326862878621
6.92724353509599
-7.18863810034225
-0.580326862878619
6.92724353509599
-7.0024561495612
-1.72595042771897
6.92724353509599
-6.63491426272745
-2.82687278308144
6.92724353509599
-6.09553158164913
-3.85458061825004
6.92724353509599
-5.39827783444148
-4.78245684012397
6.92724353509599
-4.56121152690664
-5.58646994194767
6.92724353509599
-3.60601223671907
-6.24579640671252
6.92724353509599
-2.55741912375154
-6.74336002530939
6.92724353509599
-1.44259019882928
-7.06627416137475
6.92724353509599
-0.290398945515097
-7.2061755084035
6.92724353509599
0.869313487948373
-7.15944069499439
6.92724353509599
2.00651115870335
-6.92728012826605
6.92724353509599
3.09174124441971
-6.51570664494841
6.92724353509599
4.09689685592254
-5.93537978206979
6.92724353509599
4.99594499085785
-5.20132970054708
6.92724353509599
5.76560077477907
-4.33256791191295
6.92724353509599
6.38593052716422
-3.35159489015346
6.92724353509599
6.84086803327075
-2.28381732125078
6.92724353509599
7.11863065065818
-1.15689008336173
6.92724353509599
7.21202447343815
-1.76643653735368e-15
6.92724353509599
7.74604961827654
0
6.32445375595377
7.64574031012617
1.24255374085551
6.32445375595377
7.34741034406608
2.45292599250629
6.32445375595377
6.85878630951171
3.5997687494139
6.32445375595377
6.19252331229564
4.65337938658318
6.32445375595377
5.3658772140739
5.58646994194766
6.32445375595377
4.40025771457323
6.37487386025331
6.32445375595377
3.32067385161412
6.99817189414553
6.32445375595377
2.15508628016791
7.4402209519499
6.32445375595377
0.933683106080067
7.68957219526697
6.32445375595377
-0.311901970014081
7.73976755787301
6.32445375595377
-1.54940894891943
7.58950700624294
6.32445375595377
-2.74678704991483
7.24268220973573
6.32445375595377
-3.87302480913827
6.70827574840224
6.32445375595377
-4.89895326021134
6.00012846888022
6.32445375595377
-5.79800139514665
5.13658101373664
6.32445375595377
-6.54688433949763
4.13999880845911
6.32445375595377
-7.1262064183757
3.03619280868379
6.32445375595377
-7.5209634942418
1.85375101000223
6.32445375595377
-7.72093156618735
0.623298033892219
6.32445375595377
-7.72093156618735
-0.623298033892217
6.32445375595377
-7.5209634942418
-1.85375101000224
6.32445375595377
-7.12620641837571
-3.03619280868378
6.32445375595377
-6.54688433949763
-4.13999880845911
6.32445375595377
-5.79800139514665
-5.13658101373664
6.32445375595377
-4.89895326021134
-6.00012846888022
6.32445375595377
-3.87302480913827
-6.70827574840224
6.32445375595377
-2.74678704991483
-7.24268220973573
6.32445375595377
-1.54940894891943
-7.58950700624293
6.32445375595377
-0.311901970014081
-7.73976755787301
6.32445375595377
0.933683106080061
-7.68957219526697
6.32445375595377
2.1550862801679
-7.4402209519499
6.32445375595377
3.32067385161412
-6.99817189414553
6.32445375595377
4.40025771457323
-6.37487386025331
6.32445375595377
5.3658772140739
-5.58646994194766
6.32445375595377
6.19252331229564
-4.65337938658318
6.32445375595377
6.85878630951171
-3.5997687494139
6.32445375595377
7.34741034406608
-2.45292599250629
6.32445375595377
7.64574031012617
-1.24255374085551
6.32445375595377
7.74604961827654
-1.89723497421179e-15
6.32445375595377
8.22983865893656
0
5.68064746731156
8.12326440977098
1.32015896053273
5.68064746731156
7.80630187934675
2.60612649743524
5.68064746731156
7.28716023070911
3.82459672698943
5.68064746731156
6.57928495986521
4.9440119102828
5.68064746731156
5.70100966450014
5.93537978206979
5.68064746731156
4.67508121342707
6.77302443521268
5.68064746731156
3.52807061463339
7.43525131318956
5.68064746731156
2.28968484013091
7.90490908771261
5.68064746731156
0.991997430985133
8.16983386912155
5.68064746731156
-0.331382190550889
8.22316424473648
5.68064746731156
-1.64617918741869
8.06351898584212
5.68064746731156
-2.91834100803049
7.69503282078604
5.68064746731156
-4.11491932946828
7.12724934768632
5.68064746731156
-5.20492340174049
6.37487386025331
5.68064746731156
-6.16012269192806
5.45739248840688
5.68064746731156
-6.95577804015822
4.39856751774705
5.68064746731156
-7.57128239085034
3.22582195883875
5.68064746731156
-7.99069450463105
1.96952930564283
5.68064746731156
-8.20315182806046
0.662226877976888
5.68064746731156
-8.20315182806047
-0.662226877976886
5.68064746731156
-7.99069450463105
-1.96952930564283
5.68064746731156
-7.57128239085035
-3.22582195883875
5.68064746731156
-6.95577804015823
-4.39856751774704
5.68064746731156
-6.16012269192806
-5.45739248840687
5.68064746731156
-5.20492340174049
-6.37487386025331
5.68064746731156
-4.11491932946828
-7.12724934768632
5.68064746731156
-2.9183410080305
-7.69503282078604
5.68064746731156
-1.6461791874187
-8.06351898584212
5.68064746731156
-0.331382190550889
-8.22316424473648
5.68064746731156
0.991997430985127
-8.16983386912156
5.68064746731156
2.28968484013091
-7.90490908771261
5.68064746731156
3.52807061463339
-7.43525131318957
5.68064746731156
4.67508121342707
-6.77302443521268
5.68064746731156
5.70100966450014
-5.93537978206979
5.68064746731156
6.57928495986521
-4.9440119102828
5.68064746731156
7.28716023070911
-3.82459672698943
5.68064746731156
7.80630187934676
-2.60612649743524
5.68064746731156
8.12326440977098
-1.32015896053273
5.68064746731156
8.22983865893656
-2.01572911423316e-15
5.68064746731156
8.66025403784439
0
5
8.54810602256535
1.38920244276421
5
8.21456655141531
2.74242527197528
5
7.66827412149685
4.0246207271719
5
6.92337741979065
5.20258061957074
5
5.99916887959465
6.24579640671252
5
4.91958501663554
7.12724934768632
5
3.71258648588465
7.82411027432683
5
2.40943391528128
8.31833085467826
5
1.04387827188952
8.59711103531163
5
-0.348713270420163
8.65323055598502
5
-1.73227332219661
8.48523595059124
5
-3.07096840484947
8.09747819116645
5
-4.3301270189222
7.5
5
-5.47713761771587
6.70827574840224
5
-6.4822932292187
5.74281067861595
5
-7.31956085107669
4.62860982881313
5
-7.96725569168017
3.39453041574089
5
-8.40860279487593
2.07253444796573
5
-8.63217150252019
0.69686092664051
5
-8.63217150252019
-0.696860926640508
5
-8.40860279487593
-2.07253444796573
5
-7.96725569168017
-3.39453041574089
5
-7.31956085107669
-4.62860982881312
5
-6.4822932292187
-5.74281067861595
5
-5.47713761771587
-6.70827574840224
5
-4.33012701892219
-7.5
5
-3.07096840484947
-8.09747819116645
5
-1.73227332219661
-8.48523595059123
5
-0.348713270420163
-8.65323055598502
5
1.04387827188951
-8.59711103531163
5
2.40943391528128
-8.31833085467826
5
3.71258648588465
-7.82411027432683
5
4.91958501663554
-7.12724934768632
5
5.99916887959465
-6.24579640671252
5
6.92337741979065
-5.20258061957074
5
7.66827412149686
-4.0246207271719
5
8.21456655141532
-2.74242527197528
5
8.54810602256535
-1.38920244276421
5
8.66025403784439
-2.12115047744981e-15
5
9.03450434610382
0
4.28692561403054
8.91750988762514
1.44923641407352
4.28692561403054
8.56955660720934
2.86093836627138
4.28692561403054
7.99965631204774
4.19854351756458
4.28692561403054
7.22256912043018
5.42740859714627
4.28692561403054
6.25842118243444
6.51570664494841
4.28692561403054
5.132183423211
7.43525131318956
4.28692561403054
3.87302480913827
8.16222687797689
4.28692561403054
2.51355688691518
8.67780505404507
4.28692561403054
1.08898916163164
8.9686326374547
4.28692561403054
-0.363782810918467
9.02717734656017
4.28692561403054
-1.8071329997521
8.85192290414777
4.28692561403054
-3.20367939313544
8.44740830821905
4.28692561403054
-4.51725217305191
7.82411027432683
4.28692561403054
-5.7138304944897
6.99817189414553
4.28692561403054
-6.76242360745723
5.99098453787639
4.28692561403054
-7.63587350112927
4.82863382899559
4.28692561403054
-8.31155828206182
3.54122404030843
4.28692561403054
-8.77197806934961
2.16209840909666
4.28692561403054
-9.00520823234927
0.726975564787324
4.28692561403054
-9.00520823234927
-0.726975564787322
4.28692561403054
-8.77197806934961
-2.16209840909667
4.28692561403054
-8.31155828206183
-3.54122404030842
4.28692561403054
-7.63587350112928
-4.82863382899559
4.28692561403054
-6.76242360745724
-5.99098453787638
4.28692561403054
-5.7138304944897
-6.99817189414553
4.28692561403054
-4.51725217305191
-7.82411027432683
4.28692561403054
-3.20367939313545
-8.44740830821905
4.28692561403054
-1.80713299975211
-8.85192290414777
4.28692561403054
-0.363782810918467
-9.02717734656017
4.28692561403054
1.08898916163164
-8.9686326374547
4.28692561403054
2.51355688691517
-8.67780505404507
4.28692561403054
3.87302480913827
-8.16222687797689
4.28692561403054
5.13218342321099
-7.43525131318957
4.28692561403054
6.25842118243444
-6.51570664494841
4.28692561403054
7.22256912043018
-5.42740859714627
4.28692561403054
7.99965631204774
-4.19854351756458
4.28692561403054
8.56955660720934
-2.86093836627138
4.28692561403054
8.91750988762514
-1.44923641407352
4.28692561403054
9.03450434610382
-2.21281536586778e-15
4.28692561403054
9.35016242685415
0
3.54604887042536
9.22908027913353
1.49987153111978
3.54604887042536
8.86896979999612
2.96089717742981
3.54604887042536
8.27915766169425
4.34523714213212
3.54604887042536
7.47491968879587
5.61703774730124
3.54604887042536
6.47708522235229
6.74336002530939
3.54604887042536
5.31149765090607
7.69503282078604
3.54604887042536
4.0083450803027
8.44740830821905
3.54604887042536
2.60137847760627
8.98100035768855
3.54604887042536
1.12703753878105
9.28198921539631
3.54604887042536
-0.376493080293013
9.34257942802985
3.54604887042536
-1.8702727263502
9.16120174090854
3.54604887042536
-3.31561329120397
8.74255374085551
3.54604887042536
-4.67508121342708
8.09747819116645
3.54604887042536
-5.91346698792955
7.24268220973573
3.54604887042536
-6.99869707364591
6.20030456347873
3.54604887042536
-7.90266458140123
4.99734228589773
3.54604887042536
-8.60195722757692
3.66495146809507
3.54604887042536
-9.07846369995855
2.23764033237916
3.54604887042536
-9.31984273120877
0.75237548743301
3.54604887042536
-9.31984273120877
-0.752375487433007
3.54604887042536
-9.07846369995855
-2.23764033237916
3.54604887042536
-8.60195722757692
-3.66495146809507
3.54604887042536
-7.90266458140124
-4.99734228589772
3.54604887042536
-6.99869707364592
-6.20030456347873
3.54604887042536
-5.91346698792955
-7.24268220973573
3.54604887042536
-4.67508121342707
-8.09747819116645
3.54604887042536
-3.31561329120398
-8.7425537408555
3.54604887042536
-1.87027272635021
-9.16120174090854
3.54604887042536
-0.376493080293013
-9.34257942802985
3.54604887042536
1.12703753878105
-9.28198921539631
3.54604887042536
2.60137847760626
-8.98100035768856
3.54604887042536
4.0083450803027
-8.44740830821905
3.54604887042536
5.31149765090607
-7.69503282078604
3.54604887042536
6.47708522235228
-6.74336002530939
3.54604887042536
7.47491968879587
-5.61703774730124
3.54604887042536
8.27915766169425
-4.34523714213212
3.54604887042536
8.86896979999612
-2.96089717742981
3.54604887042536
9.22908027913353
-1.49987153111978
3.54604887042536
9.35016242685415
-2.29012929751096e-15
3.54604887042536
9.60518111631372
0
2.78217463916453
9.48079654354218
1.54077940573866
2.78217463916453
9.11086432032613
3.04165343420285
2.78217463916453
8.50496549693041
4.46375023642822
2.78217463916453
7.67879253461697
5.77023825223018
2.78217463916453
6.65374287914104
6.92728012826605
2.78217463916453
5.45636477814564
7.90490908771261
2.78217463916453
4.11766969549278
8.67780505404507
2.78217463916453
2.67232913063901
9.22595042771897
2.78217463916453
1.15777664501157
9.53514853148369
2.78217463916453
-0.386761647569573
9.59739129686599
2.78217463916453
-1.92128301663521
9.4110666689371
2.78217463916453
-3.40604416477352
8.98100035768856
2.78217463916453
-4.80259055815686
8.31833085467826
2.78217463916453
-6.07475237876866
7.4402209519499
2.78217463916453
-7.18958130369091
6.36941323473425
2.78217463916453
-8.11820384936084
5.13364106043777
2.78217463916453
-8.83656917962854
3.7649102792535
2.78217463916453
-9.32607200978004
2.29867029945292
2.78217463916453
-9.57403447363841
0.772895966332458
2.78217463916453
-9.57403447363841
-0.772895966332455
2.78217463916453
-9.32607200978004
-2.29867029945293
2.78217463916453
-8.83656917962855
-3.7649102792535
2.78217463916453
-8.11820384936084
-5.13364106043776
2.78217463916453
-7.18958130369092
-6.36941323473424
2.78217463916453
-6.07475237876866
-7.4402209519499
2.78217463916453
-4.80259055815686
-8.31833085467826
2.78217463916453
-3.40604416477353
-8.98100035768855
2.78217463916453
-1.92128301663521
-9.4110666689371
2.78217463916453
-0.386761647569574
-9.59739129686599
2.78217463916453
1.15777664501157
-9.53514853148369
2.78217463916453
2.672329130639
-9.22595042771898
2.78217463916453
4.11766969549277
-8.67780505404507
2.78217463916453
5.45636477814563
-7.90490908771262
2.78217463916453
6.65374287914103
-6.92728012826605
2.78217463916453
7.67879253461697
-5.77023825223018
2.78217463916453
8.50496549693041
-4.46375023642822
2.78217463916453
9.11086432032613
-3.04165343420285
2.78217463916453
9.48079654354218
-1.54077940573866
2.78217463916453
9.60518111631372
-2.35259086186484e-15
2.78217463916453
9.79790652042268
0
2.00025693776044
9.67102620428492
1.5716947346656
2.00025693776044
9.29367138941246
3.10268340127661
2.00025693776044
8.67561536729513
4.55331419755915
2.00025693776044
7.83286546425589
5.88601654787078
2.00025693776044
6.78724846010729
7.06627416137475
2.00025693776044
5.56584528601945
8.06351898584212
2.00025693776044
4.20028964262768
8.85192290414776
2.00025693776044
2.72594870380247
9.4110666689371
2.00025693776044
1.18100712542373
9.72646875040678
2.00025693776044
-0.394521917148987
9.78996040031982
2.00025693776044
-1.95983304930037
9.59989721829412
2.00025693776044
-3.4743855349278
9.16120174090854
2.00025693776044
-4.89895326021134
8.48523595059123
2.00025693776044
-6.19664066935711
7.58950700624294
2.00025693776044
-7.33383834011209
6.49721381701751
2.00025693776044
-8.28109345014614
5.23664620276068
2.00025693776044
-9.01387258967962
3.840452202536
2.00025693776044
-9.51319716390976
2.34479250756235
2.00025693776044
-9.76613492864713
0.78840391830565
2.00025693776044
-9.76613492864713
-0.788403918305647
2.00025693776044
-9.51319716390976
-2.34479250756235
2.00025693776044
-9.01387258967962
-3.840452202536
2.00025693776044
-8.28109345014615
-5.23664620276067
2.00025693776044
-7.33383834011209
-6.4972138170175
2.00025693776044
-6.19664066935711
-7.58950700624294
2.00025693776044
-4.89895326021133
-8.48523595059124
2.00025693776044
-3.47438553492781
-9.16120174090854
2.00025693776044
-1.95983304930038
-9.59989721829412
2.00025693776044
-0.394521917148988
-9.78996040031982
2.00025693776044
1.18100712542373
-9.72646875040678
2.00025693776044
2.72594870380247
-9.4110666689371
2.00025693776044
4.20028964262768
-8.85192290414777
2.00025693776044
5.56584528601945
-8.06351898584212
2.00025693776044
6.78724846010729
-7.06627416137475
2.00025693776044
7.83286546425589
-5.88601654787078
2.00025693776044
8.67561536729514
-4.55331419755915
2.00025693776044
9.29367138941246
-3.10268340127661
2.00025693776044
9.67102620428492
-1.57169473466561
2.00025693776044
9.79790652042268
-2.39979497171612e-15
2.00025693776044
9.92708874098054
0
1.20536680255323
9.79853554901471
1.59241702012934
1.20536680255323
9.41620543326325
3.14359127589549
1.20536680255323
8.79000054289536
4.61334816886846
1.20536680255323
7.93613925564127
5.963621767548
1.20536680255323
6.87673613032817
7.15944069499439
1.20536680255323
5.63922915142282
8.16983386912156
1.20536680255323
4.25566909964637
8.9686326374547
1.20536680255323
2.76188945358918
9.53514853148369
1.20536680255323
1.19657832143779
9.85470908713026
1.20536680255323
-0.399723560705172
9.91903785386061
1.20536680255323
-1.98567281259099
9.72646875040678
1.20536680255323
-3.52019418165663
9.28198921539631
1.20536680255323
-4.96354437049027
8.59711103531163
1.20536680255323
-6.27834136735808
7.68957219526697
1.20536680255323
-7.43053262067226
6.58287747451129
1.20536680255323
-8.39027698219018
5.30568968499216
1.20536680255323
-9.13271757707906
3.89108731958226
1.20536680255323
-9.63862558391734
2.37570783648929
1.20536680255323
-9.89489825106919
0.798798768333148
1.20536680255323
-9.89489825106919
-0.798798768333146
1.20536680255323
-9.63862558391734
-2.37570783648929
1.20536680255323
-9.13271757707906
-3.89108731958226
1.20536680255323
-8.39027698219019
-5.30568968499215
1.20536680255323
-7.43053262067226
-6.58287747451128
1.20536680255323
-6.27834136735808
-7.68957219526697
1.20536680255323
-4.96354437049027
-8.59711103531163
1.20536680255323
-3.52019418165663
-9.28198921539631
1.20536680255323
-1.98567281259099
-9.72646875040678
1.20536680255323
-0.399723560705172
-9.91903785386061
1.20536680255323
1.19657832143778
-9.85470908713026
1.20536680255323
2.76188945358917
-9.53514853148369
1.20536680255323
4.25566909964636
-8.9686326374547
1.20536680255323
5.63922915142282
-8.16983386912156
1.20536680255323
6.87673613032817
-7.15944069499439
1.20536680255323
7.93613925564127
-5.963621767548
1.20536680255323
8.79000054289536
-4.61334816886846
1.20536680255323
9.41620543326325
-3.14359127589549
1.20536680255323
9.79853554901471
-1.59241702012934
1.20536680255323
9.92708874098054
-2.43143549029871e-15
1.20536680255323
9.9918899817157
0
0.402659401094152
9.86249763070161
1.60281187015684
0.402659401094152
9.47767177158394
3.16411175479494
0.402659401094152
8.8473791919741
4.64346280701527
0.402659401094152
7.98794413860655
6.00255061163266
0.402659401094152
6.92162552792305
7.2061755084035
0.402659401094152
5.6760404518289
8.22316424473648
0.402659401094152
4.28344890951922
9.02717734656017
0.402659401094152
2.77991829044515
9.59739129686599
0.402659401094152
1.20438924787243
9.91903785386061
0.402659401094152
-0.402332843583629
9.98378654067105
0.402659401094152
-1.99863472572659
9.78996040031982
0.402659401094152
-3.54317301830774
9.34257942802985
0.402659401094152
-4.99594499085785
8.65323055598502
0.402659401094152
-6.31932461239387
7.73976755787301
0.402659401094152
-7.47903704585734
6.62584864552489
0.402659401094152
-8.44504634839047
5.34032373365578
0.402659401094152
-9.19233338647899
3.91648724222795
0.402659401094152
-9.7015438183682
2.39121578846248
0.402659401094152
-9.95948936134812
0.804013101823693
0.402659401094152
-9.95948936134812
-0.80401310182369
0.402659401094152
-9.7015438183682
-2.39121578846249
0.402659401094152
-9.19233338647899
-3.91648724222794
0.402659401094152
-8.44504634839048
-5.34032373365577
0.402659401094152
-7.47903704585735
-6.62584864552488
0.402659401094152
-6.31932461239387
-7.73976755787301
0.402659401094152
-4.99594499085784
-8.65323055598502
0.402659401094152
-3.54317301830774
-9.34257942802985
0.402659401094152
-1.99863472572659
-9.78996040031982
0.402659401094152
-0.402332843583629
-9.98378654067105
0.402659401094152
1.20438924787242
-9.91903785386062
0.402659401094152
2.77991829044515
-9.59739129686599
0.402659401094152
4.28344890951921
-9.02717734656017
0.402659401094152
5.6760404518289
-8.22316424473648
0.402659401094152
6.92162552792305
-7.2061755084035
0.402659401094152
7.98794413860655
-6.00255061163266
0.402659401094152
8.84737919197411
-4.64346280701527
0.402659401094152
9.47767177158394
-3.16411175479494
0.402659401094152
9.86249763070161
-1.60281187015684
0.402659401094152
9.9918899817157
-2.44730721670813e-15
0.402659401094152
9.9918899817157
0
-0.402659401094151
9.86249763070161
1.60281187015684
-0.402659401094151
9.47767177158394
3.16411175479494
-0.402659401094151
8.8473791919741
4.64346280701527
-0.402659401094151
7.98794413860655
6.00255061163266
-0.402659401094151
6.92162552792305
7.2061755084035
-0.402659401094151
5.6760404518289
8.22316424473648
-0.402659401094151
4.28344890951922
9.02717734656017
-0.402659401094151
2.77991829044515
9.59739129686599
-0.402659401094151
1.20438924787243
9.91903785386061
-0.402659401094151
-0.402332843583629
9.98378654067105
-0.402659401094151
-1.99863472572659
9.78996040031982
-0.402659401094151
-3.54317301830774
9.34257942802985
-0.402659401094151
-4.99594499085785
8.65323055598502
-0.402659401094151
-6.31932461239387
7.73976755787301
-0.402659401094151
-7.47903704585734
6.62584864552489
-0.402659401094151
-8.44504634839047
5.34032373365578
-0.402659401094151
-9.19233338647899
3.91648724222795
-0.402659401094151
-9.7015438183682
2.39121578846248
-0.402659401094151
-9.95948936134812
0.804013101823693
-0.402659401094151
-9.95948936134812
-0.80401310182369
-0.402659401094151
-9.7015438183682
-2.39121578846249
-0.402659401094151
-9.19233338647899
-3.91648724222794
-0.402659401094151
-8.44504634839048
-5.34032373365577
-0.402659401094151
-7.47903704585735
-6.62584864552488
-0.402659401094151
-6.31932461239387
-7.73976755787301
-0.402659401094151
-4.99594499085784
-8.65323055598502
-0.402659401094151
-3.54317301830774
-9.34257942802985
-0.402659401094151
-1.99863472572659
-9.78996040031982
-0.402659401094151
-0.402332843583629
-9.98378654067105
-0.402659401094151
1.20438924787242
-9.91903785386062
-0.402659401094151
2.77991829044515
-9.59739129686599
-0.402659401094151
4.28344890951921
-9.02717734656017
-0.402659401094151
5.6760404518289
-8.22316424473648
-0.402659401094151
6.92162552792305
-7.2061755084035
-0.402659401094151
7.98794413860655
-6.00255061163266
-0.402659401094151
8.84737919197411
-4.64346280701527
-0.402659401094151
9.47767177158394
-3.16411175479494
-0.402659401094151
9.86249763070161
-1.60281187015684
-0.402659401094151
9.9918899817157
-2.44730721670813e-15
-0.402659401094151
9.92708874098054
0
-1.20536680255323
9.79853554901471
1.59241702012934
-1.20536680255323
9.41620543326325
3.14359127589549
-1.20536680255323
8.79000054289536
4.61334816886846
-1.20536680255323
7.93613925564127
5.963621767548
-1.20536680255323
6.87673613032817
7.15944069499439
-1.20536680255323
5.63922915142282
8.16983386912156
-1.20536680255323
4.25566909964637
8.9686326374547
-1.20536680255323
2.76188945358918
9.53514853148369
-1.20536680255323
1.19657832143779
9.85470908713026
-1.20536680255323
-0.399723560705172
9.91903785386061
-1.20536680255323
-1.98567281259099
9.72646875040678
-1.20536680255323
-3.52019418165663
9.28198921539631
-1.20536680255323
-4.96354437049027
8.59711103531163
-1.20536680255323
-6.27834136735808
7.68957219526697
-1.20536680255323
-7.43053262067226
6.58287747451129
-1.20536680255323
-8.39027698219018
5.30568968499216
-1.20536680255323
-9.13271757707906
3.89108731958226
-1.20536680255323
-9.63862558391734
2.37570783648929
-1.20536680255323
-9.89489825106919
0.798798768333148
-1.20536680255323
-9.89489825106919
-0.798798768333146
-1.20536680255323
-9.63862558391734
-2.37570783648929
-1.20536680255323
-9.13271757707906
-3.89108731958226
-1.20536680255323
-8.39027698219019
-5.30568968499215
-1.20536680255323
-7.43053262067226
-6.58287747451128
-1.20536680255323
-6.27834136735808
-7.68957219526697
-1.20536680255323
-4.96354437049027
-8.59711103531163
-1.20536680255323
-3.52019418165663
-9.28198921539631
-1.20536680255323
-1.98567281259099
-9.72646875040678
-1.20536680255323
-0.399723560705172
-9.91903785386061
-1.20536680255323
1.19657832143778
-9.85470908713026
-1.20536680255323
2.76188945358917
-9.53514853148369
-1.20536680255323
4.25566909964636
-8.9686326374547
-1.20536680255323
5.63922915142282
-8.16983386912156
-1.20536680255323
6.87673613032817
-7.15944069499439
-1.20536680255323
7.93613925564127
-5.963621767548
-1.20536680255323
8.79000054289536
-4.61334816886846
-1.20536680255323
9.41620543326325
-3.14359127589549
-1.20536680255323
9.79853554901471
-1.59241702012934
-1.20536680255323
9.92708874098054
-2.43143549029871e-15
-1.20536680255323
9.79790652042268
0
-2.00025693776044
9.67102620428492
1.5716947346656
-2.00025693776044
9.29367138941246
3.10268340127662
-2.00025693776044
8.67561536729514
4.55331419755915
-2.00025693776044
7.83286546425589
5.88601654787078
-2.00025693776044
6.78724846010729
7.06627416137475
-2.00025693776044
5.56584528601945
8.06351898584212
-2.00025693776044
4.20028964262768
8.85192290414777
-2.00025693776044
2.72594870380247
9.4110666689371
-2.00025693776044
1.18100712542373
9.72646875040678
-2.00025693776044
-0.394521917148987
9.78996040031983
-2.00025693776044
-1.95983304930037
9.59989721829412
-2.00025693776044
-3.47438553492781
9.16120174090854
-2.00025693776044
-4.89895326021134
8.48523595059123
-2.00025693776044
-6.19664066935712
7.58950700624294
-2.00025693776044
-7.33383834011209
6.49721381701751
-2.00025693776044
-8.28109345014615
5.23664620276068
-2.00025693776044
-9.01387258967962
3.840452202536
-2.00025693776044
-9.51319716390976
2.34479250756235
-2.00025693776044
-9.76613492864713
0.78840391830565
-2.00025693776044
-9.76613492864713
-0.788403918305648
-2.00025693776044
-9.51319716390976
-2.34479250756235
-2.00025693776044
-9.01387258967962
-3.840452202536
-2.00025693776044
-8.28109345014615
-5.23664620276067
-2.00025693776044
-7.33383834011209
-6.4972138170175
-2.00025693776044
-6.19664066935711
-7.58950700624294
-2.00025693776044
-4.89895326021134
-8.48523595059124
-2.00025693776044
-3.47438553492781
-9.16120174090854
-2.00025693776044
-1.95983304930038
-9.59989721829412
-2.00025693776044
-0.394521917148988
-9.78996040031983
-2.00025693776044
1.18100712542373
-9.72646875040678
-2.00025693776044
2.72594870380247
-9.4110666689371
-2.00025693776044
4.20028964262768
-8.85192290414777
-2.00025693776044
5.56584528601945
-8.06351898584212
-2.00025693776044
6.78724846010729
-7.06627416137475
-2.00025693776044
7.83286546425589
-5.88601654787078
-2.00025693776044
8.67561536729514
-4.55331419755915
-2.00025693776044
9.29367138941246
-3.10268340127661
-2.00025693776044
9.67102620428492
-1.57169473466561
-2.00025693776044
9.79790652042268
-2.39979497171612e-15
-2.00025693776044
9.60518111631372
0
-2.78217463916452
9.48079654354218
1.54077940573866
-2.78217463916452
9.11086432032613
3.04165343420285
-2.78217463916452
8.50496549693041
4.46375023642822
-2.78217463916452
7.67879253461697
5.77023825223018
-2.78217463916452
6.65374287914104
6.92728012826605
-2.78217463916452
5.45636477814564
7.90490908771261
-2.78217463916452
4.11766969549278
8.67780505404507
-2.78217463916452
2.67232913063901
9.22595042771897
-2.78217463916452
1.15777664501157
9.53514853148369
-2.78217463916452
-0.386761647569573
9.59739129686599
-2.78217463916452
-1.92128301663521
9.4110666689371
-2.78217463916452
-3.40604416477352
8.98100035768856
-2.78217463916452
-4.80259055815686
8.31833085467826
-2.78217463916452
-6.07475237876866
7.4402209519499
-2.78217463916452
-7.18958130369091
6.36941323473425
-2.78217463916452
-8.11820384936084
5.13364106043777
-2.78217463916452
-8.83656917962854
3.7649102792535
-2.78217463916452
-9.32607200978004
2.29867029945292
-2.78217463916452
-9.57403447363841
0.772895966332458
-2.78217463916452
-9.57403447363841
-0.772895966332455
-2.78217463916452
-9.32607200978004
-2.29867029945293
-2.78217463916452
-8.83656917962855
-3.7649102792535
-2.78217463916452
-8.11820384936084
-5.13364106043776
-2.78217463916452
-7.18958130369092
-6.36941323473424
-2.78217463916452
-6.07475237876866
-7.4402209519499
-2.78217463916452
-4.80259055815686
-8.31833085467826
-2.78217463916452
-3.40604416477353
-8.98100035768855
-2.78217463916452
-1.92128301663521
-9.4110666689371
-2.78217463916452
-0.386761647569574
-9.59739129686599
-2.78217463916452
1.15777664501157
-9.53514853148369
-2.78217463916452
2.672329130639
-9.22595042771898
-2.78217463916452
4.11766969549277
-8.67780505404507
-2.78217463916452
5.45636477814563
-7.90490908771262
-2.78217463916452
6.65374287914103
-6.92728012826605
-2.78217463916452
7.67879253461697
-5.77023825223018
-2.78217463916452
8.50496549693041
-4.46375023642822
-2.78217463916452
9.11086432032613
-3.04165343420285
-2.78217463916452
9.48079654354218
-1.54077940573866
-2.78217463916452
9.60518111631372
-2.35259086186484e-15
-2.78217463916452
9.35016242685415
0
-3.54604887042535
9.22908027913353
1.49987153111978
-3.54604887042535
8.86896979999612
2.96089717742981
-3.54604887042535
8.27915766169425
4.34523714213212
-3.54604887042535
7.47491968879587
5.61703774730124
-3.54604887042535
6.47708522235229
6.74336002530939
-3.54604887042535
5.31149765090607
7.69503282078604
-3.54604887042535
4.0083450803027
8.44740830821905
-3.54604887042535
2.60137847760627
8.98100035768855
-3.54604887042535
1.12703753878105
9.28198921539631
-3.54604887042535
-0.376493080293013
9.34257942802985
-3.54604887042535
-1.8702727263502
9.16120174090854
-3.54604887042535
-3.31561329120397
8.74255374085551
-3.54604887042535
-4.67508121342708
8.09747819116645
-3.54604887042535
-5.91346698792955
7.24268220973573
-3.54604887042535
-6.99869707364591
6.20030456347873
-3.54604887042535
-7.90266458140123
4.99734228589773
-3.54604887042535
-8.60195722757692
3.66495146809507
-3.54604887042535
-9.07846369995855
2.23764033237916
-3.54604887042535
-9.31984273120877
0.75237548743301
-3.54604887042535
-9.31984273120877
-0.752375487433007
-3.54604887042535
-9.07846369995855
-2.23764033237916
-3.54604887042535
-8.60195722757692
-3.66495146809507
-3.54604887042535
-7.90266458140124
-4.99734228589772
-3.54604887042535
-6.99869707364592
-6.20030456347873
-3.54604887042535
-5.91346698792955
-7.24268220973573
-3.54604887042535
-4.67508121342707
-8.09747819116645
-3.54604887042535
-3.31561329120398
-8.7425537408555
-3.54604887042535
-1.87027272635021
-9.16120174090854
-3.54604887042535
-0.376493080293013
-9.34257942802985
-3.54604887042535
1.12703753878105
-9.28198921539631
-3.54604887042535
2.60137847760626
-8.98100035768856
-3.54604887042535
4.0083450803027
-8.44740830821905
-3.54604887042535
5.31149765090607
-7.69503282078604
-3.54604887042535
6.47708522235228
-6.74336002530939
-3.54604887042535
7.47491968879587
-5.61703774730124
-3.54604887042535
8.27915766169425
-4.34523714213212
-3.54604887042535
8.86896979999612
-2.96089717742981
-3.54604887042535
9.22908027913353
-1.49987153111978
-3.54604887042535
9.35016242685415
-2.29012929751096e-15
-3.54604887042535
9.03450434610382
0
-4.28692561403054
8.91750988762514
1.44923641407352
-4.28692561403054
8.56955660720934
2.86093836627138
-4.28692561403054
7.99965631204774
4.19854351756458
-4.28692561403054
7.22256912043018
5.42740859714627
-4.28692561403054
6.25842118243444
6.51570664494841
-4.28692561403054
5.132183423211
7.43525131318956
-4.28692561403054
3.87302480913827
8.16222687797689
-4.28692561403054
2.51355688691518
8.67780505404507
-4.28692561403054
1.08898916163164
8.9686326374547
-4.28692561403054
-0.363782810918467
9.02717734656017
-4.28692561403054
-1.8071329997521
8.85192290414777
-4.28692561403054
-3.20367939313544
8.44740830821905
-4.28692561403054
-4.51725217305191
7.82411027432683
-4.28692561403054
-5.7138304944897
6.99817189414553
-4.28692561403054
-6.76242360745723
5.99098453787639
-4.28692561403054
-7.63587350112927
4.82863382899559
-4.28692561403054
-8.31155828206182
3.54122404030843
-4.28692561403054
-8.77197806934961
2.16209840909666
-4.28692561403054
-9.00520823234927
0.726975564787324
-4.28692561403054
-9.00520823234927
-0.726975564787322
-4.28692561403054
-8.77197806934961
-2.16209840909667
-4.28692561403054
-8.31155828206183
-3.54122404030842
-4.28692561403054
-7.63587350112928
-4.82863382899559
-4.28692561403054
-6.76242360745724
-5.99098453787638
-4.28692561403054
-5.7138304944897
-6.99817189414553
-4.28692561403054
-4.51725217305191
-7.82411027432683
-4.28692561403054
-3.20367939313545
-8.44740830821905
-4.28692561403054
-1.80713299975211
-8.85192290414777
-4.28692561403054
-0.363782810918467
-9.02717734656017
-4.28692561403054
1.08898916163164
-8.9686326374547
-4.28692561403054
2.51355688691517
-8.67780505404507
-4.28692561403054
3.87302480913827
-8.16222687797689
-4.28692561403054
5.13218342321099
-7.43525131318957
-4.28692561403054
6.25842118243444
-6.51570664494841
-4.28692561403054
7.22256912043018
-5.42740859714627
-4.28692561403054
7.99965631204774
-4.19854351756458
-4.28692561403054
8.56955660720934
-2.86093836627138
-4.28692561403054
8.91750988762514
-1.44923641407352
-4.28692561403054
9.03450434610382
-2.21281536586778e-15
-4.28692561403054
8.66025403784439
0
-5
8.54810602256535
1.38920244276421
-5
8.21456655141531
2.74242527197528
-5
7.66827412149685
4.0246207271719
-5
6.92337741979065
5.20258061957074
-5
5.99916887959465
6.24579640671252
-5
4.91958501663554
7.12724934768632
-5
3.71258648588465
7.82411027432683
-5
2.40943391528128
8.31833085467825
-5
1.04387827188952
8.59711103531163
-5
-0.348713270420163
8.65323055598502
-5
-1.73227332219661
8.48523595059123
-5
-3.07096840484947
8.09747819116645
-5
-4.33012701892219
7.5
-5
-5.47713761771587
6.70827574840224
-5
-6.4822932292187
5.74281067861595
-5
-7.31956085107669
4.62860982881313
-5
-7.96725569168016
3.39453041574089
-5
-8.40860279487593
2.07253444796573
-5
-8.63217150252019
0.69686092664051
-5
-8.63217150252019
-0.696860926640508
-5
-8.40860279487593
-2.07253444796573
-5
-7.96725569168017
-3.39453041574088
-5
-7.31956085107669
-4.62860982881312
-5
-6.4822932292187
-5.74281067861595
-5
-5.47713761771587
-6.70827574840224
-5
-4.33012701892219
-7.5
-5
-3.07096840484947
-8.09747819116645
-5
-1.73227332219661
-8.48523595059123
-5
-0.348713270420163
-8.65323055598502
-5
1.04387827188951
-8.59711103531163
-5
2.40943391528128
-8.31833085467826
-5
3.71258648588465
-7.82411027432683
-5
4.91958501663554
-7.12724934768632
-5
5.99916887959465
-6.24579640671252
-5
6.92337741979065
-5.20258061957074
-5
7.66827412149685
-4.0246207271719
-5
8.21456655141531
-2.74242527197528
-5
8.54810602256535
-1.38920244276421
-5
8.66025403784439
-2.12115047744981e-15
-5
8.22983865893656
0
-5.68064746731156
8.12326440977098
1.32015896053273
-5.68064746731156
7.80630187934676
2.60612649743524
-5.68064746731156
7.28716023070911
3.82459672698943
-5.68064746731156
6.57928495986521
4.9440119102828
-5.68064746731156
5.70100966450014
5.93537978206979
-5.68064746731156
4.67508121342708
6.77302443521268
-5.68064746731156
3.52807061463339
7.43525131318957
-5.68064746731156
2.28968484013091
7.90490908771261
-5.68064746731156
0.991997430985133
8.16983386912156
-5.68064746731156
-0.331382190550889
8.22316424473648
-5.68064746731156
-1.64617918741869
8.06351898584212
-5.68064746731156
-2.91834100803049
7.69503282078604
-5.68064746731156
-4.11491932946828
7.12724934768632
-5.68064746731156
-5.20492340174049
6.37487386025331
-5.68064746731156
-6.16012269192806
5.45739248840688
-5.68064746731156
-6.95577804015822
4.39856751774705
-5.68064746731156
-7.57128239085035
3.22582195883875
-5.68064746731156
-7.99069450463105
1.96952930564283
-5.68064746731156
-8.20315182806047
0.662226877976888
-5.68064746731156
-8.20315182806047
-0.662226877976886
-5.68064746731156
-7.99069450463105
-1.96952930564283
-5.68064746731156
-7.57128239085035
-3.22582195883875
-5.68064746731156
-6.95577804015823
-4.39856751774704
-5.68064746731156
-6.16012269192806
-5.45739248840687
-5.68064746731156
-5.20492340174049
-6.37487386025331
-5.68064746731156
-4.11491932946828
-7.12724934768632
-5.68064746731156
-2.9183410080305
-7.69503282078604
-5.68064746731156
-1.6461791874187
-8.06351898584212
-5.68064746731156
-0.331382190550889
-8.22316424473648
-5.68064746731156
0.991997430985127
-8.16983386912156
-5.68064746731156
2.28968484013091
-7.90490908771262
-5.68064746731156
3.52807061463339
-7.43525131318957
-5.68064746731156
4.67508121342707
-6.77302443521268
-5.68064746731156
5.70100966450014
-5.93537978206979
-5.68064746731156
6.57928495986521
-4.9440119102828
-5.68064746731156
7.28716023070911
-3.82459672698943
-5.68064746731156
7.80630187934676
-2.60612649743524
-5.68064746731156
8.12326440977098
-1.32015896053273
-5.68064746731156
8.22983865893656
-2.01572911423316e-15
-5.68064746731156
7.74604961827655
0
-6.32445375595377
7.64574031012617
1.24255374085551
-6.32445375595377
7.34741034406608
2.4529259925063
-6.32445375595377
6.85878630951171
3.5997687494139
-6.32445375595377
6.19252331229564
4.65337938658318
-6.32445375595377
5.3658772140739
5.58646994194766
-6.32445375595377
4.40025771457323
6.37487386025331
-6.32445375595377
3.32067385161412
6.99817189414553
-6.32445375595377
2.15508628016791
7.4402209519499
-6.32445375595377
0.933683106080067
7.68957219526697
-6.32445375595377
-0.311901970014081
7.73976755787301
-6.32445375595377
-1.54940894891943
7.58950700624294
-6.32445375595377
-2.74678704991483
7.24268220973573
-6.32445375595377
-3.87302480913827
6.70827574840224
-6.32445375595377
-4.89895326021134
6.00012846888022
-6.32445375595377
-5.79800139514665
5.13658101373664
-6.32445375595377
-6.54688433949763
4.13999880845911
-6.32445375595377
-7.1262064183757
3.03619280868379
-6.32445375595377
-7.52096349424181
1.85375101000223
-6.32445375595377
-7.72093156618735
0.623298033892219
-6.32445375595377
-7.72093156618735
-0.623298033892218
-6.32445375595377
-7.52096349424181
-1.85375101000224
-6.32445375595377
-7.12620641837571
-3.03619280868378
-6.32445375595377
-6.54688433949763
-4.13999880845911
-6.32445375595377
-5.79800139514665
-5.13658101373664
-6.32445375595377
-4.89895326021134
-6.00012846888022
-6.32445375595377
-3.87302480913827
-6.70827574840224
-6.32445375595377
-2.74678704991483
-7.24268220973573
-6.32445375595377
-1.54940894891943
-7.58950700624294
-6.32445375595377
-0.311901970014081
-7.73976755787301
-6.32445375595377
0.933683106080062
-7.68957219526697
-6.32445375595377
2.1550862801679
-7.4402209519499
-6.32445375595377
3.32067385161412
-6.99817189414553
-6.32445375595377
4.40025771457323
-6.37487386025331
-6.32445375595377
5.3658772140739
-5.58646994194766
-6.32445375595377
6.19252331229564
-4.65337938658318
-6.32445375595377
6.85878630951171
-3.5997687494139
-6.32445375595377
7.34741034406608
-2.45292599250629
-6.32445375595377
7.64574031012617
-1.24255374085551
-6.32445375595377
7.74604961827655
-1.89723497421179e-15
-6.32445375595377
7.21202447343815
0
-6.92724353509599
7.11863065065818
1.15689008336173
-6.92724353509599
6.84086803327075
2.28381732125078
-6.92724353509599
6.38593052716422
3.35159489015346
-6.92724353509599
5.76560077477907
4.33256791191295
-6.92724353509599
4.99594499085785
5.20132970054708
-6.92724353509599
4.09689685592254
5.93537978206979
-6.92724353509599
3.09174124441971
6.51570664494841
-6.92724353509599
2.00651115870335
6.92728012826605
-6.92724353509599
0.869313487948378
7.15944069499439
-6.92724353509599
-0.290398945515096
7.2061755084035
-6.92724353509599
-1.44259019882927
7.06627416137475
-6.92724353509599
-2.55741912375153
6.74336002530939
-6.92724353509599
-3.60601223671907
6.24579640671252
-6.92724353509599
-4.56121152690664
5.58646994194766
-6.92724353509599
-5.39827783444148
4.78245684012398
-6.92724353509599
-6.09553158164913
3.85458061825004
-6.92724353509599
-6.63491426272745
2.82687278308144
-6.92724353509599
-7.0024561495612
1.72595042771897
-6.92724353509599
-7.18863810034225
0.580326862878621
-6.92724353509599
-7.18863810034225
-0.580326862878619
-6.92724353509599
-7.0024561495612
-1.72595042771897
-6.92724353509599
-6.63491426272745
-2.82687278308144
-6.92724353509599
-6.09553158164913
-3.85458061825004
-6.92724353509599
-5.39827783444148
-4.78245684012397
-6.92724353509599
-4.56121152690664
-5.58646994194767
-6.92724353509599
-3.60601223671907
-6.24579640671252
-6.92724353509599
-2.55741912375154
-6.74336002530939
-6.92724353509599
-1.44259019882928
-7.06627416137475
-6.92724353509599
-0.290398945515097
-7.2061755084035
-6.92724353509599
0.869313487948373
-7.15944069499439
-6.92724353509599
2.00651115870335
-6.92728012826605
-6.92724353509599
3.09174124441971
-6.51570664494841
-6.92724353509599
4.09689685592254
-5.93537978206979
-6.92724353509599
4.99594499085785
-5.20132970054708
-6.92724353509599
5.76560077477907
-4.33256791191295
-6.92724353509599
6.38593052716422
-3.35159489015346
-6.92724353509599
6.84086803327075
-2.28381732125078
-6.92724353509599
7.11863065065818
-1.15689008336173
-6.92724353509599
7.21202447343815
-1.76643653735368e-15
-6.92724353509599
6.63122658240796
0
-7.48510748171101
6.54535393977728
1.06372354974209
-7.48510748171101
6.28996006822257
2.09989721829412
-7.48510748171101
5.87165953486487
3.08168465191758
-7.48510748171101
5.30128610379497
3.98365807179083
-7.48510748171101
4.59361214727422
4.78245684012398
-7.48510748171101
3.76696604905248
5.45739248840688
-7.48510748171101
2.84275750885649
5.99098453787639
-7.48510748171101
1.84492304241291
6.36941323473425
-7.48510748171101
0.799306038264306
6.58287747451129
-7.48510748171101
-0.2670125724192
6.62584864552489
-7.48510748171101
-1.3264156977323
6.49721381701751
-7.48510748171101
-2.35146535320823
6.20030456347873
-7.48510748171101
-3.31561329120398
5.74281067861595
-7.48510748171101
-4.19388858656905
5.13658101373664
-7.48510748171101
-4.96354437049027
4.39731659872339
-7.48510748171101
-5.60464696244566
3.5441639936073
-7.48510748171101
-6.10059214205928
2.59921940272046
-7.48510748171101
-6.43853518968713
1.58695639461027
-7.48510748171101
-6.60972355790897
0.53359204946951
-7.48510748171101
-6.60972355790897
-0.533592049469509
-7.48510748171101
-6.43853518968713
-1.58695639461027
-7.48510748171101
-6.10059214205928
-2.59921940272045
-7.48510748171101
-5.60464696244567
-3.5441639936073
-7.48510748171101
-4.96354437049027
-4.39731659872339
-7.48510748171101
-4.19388858656905
-5.13658101373664
-7.48510748171101
-3.31561329120398
-5.74281067861595
-7.48510748171101
-2.35146535320823
-6.20030456347873
-7.48510748171101
-1.3264156977323
-6.49721381701751
-7.48510748171101
-0.2670125724192
-6.62584864552489
-7.48510748171101
0.799306038264302
-6.58287747451129
-7.48510748171101
1.8449230424129
-6.36941323473425
-7.48510748171101
2.84275750885649
-5.99098453787639
-7.48510748171101
3.76696604905248
-5.45739248840688
-7.48510748171101
4.59361214727422
-4.78245684012398
-7.48510748171101
5.30128610379497
-3.98365807179083
-7.48510748171101
5.87165953486487
-3.08168465191758
-7.48510748171101
6.28996006822257
-2.09989721829412
-7.48510748171101
6.54535393977728
-1.06372354974209
-7.48510748171101
6.63122658240796
-1.62418208171335e-15
-7.48510748171101
6.00742264237979
0
-7.99442763403501
5.92962809693792
0.963658360718053
-7.99442763403501
5.69825929847565
1.90235847607995
-7.99442763403501
5.31930857734072
2.79178850617429
-7.99442763403501
4.80259055815686
3.60891268041774
-7.99442763403501
4.16148796620147
4.33256791191295
-7.99442763403501
3.41260502185049
4.94401191028281
-7.99442763403501
2.5753373999925
5.42740859714627
-7.99442763403501
1.67136989223718
5.77023825223019
-7.99442763403501
0.724114782203121
5.963621767548
-7.99442763403501
-0.241894520330009
6.00255061163267
-7.99442763403501
-1.20163888184793
5.88601654787078
-7.99442763403501
-2.13026142751786
5.61703774730124
-7.99442763403501
-3.0037113211899
5.20258061957074
-7.99442763403501
-3.79936666942006
4.65337938658319
-7.99442763403501
-4.49662041662771
3.98365807179083
-7.99442763403501
-5.0774140570107
3.21076210545837
-7.99442763403501
-5.52670534035999
2.35470908713026
-7.99442763403501
-5.83285785843865
1.43767034031724
-7.99442763403501
-5.98794242184298
0.48339668686347
-7.99442763403501
-5.98794242184298
-0.483396686863468
-7.99442763403501
-5.83285785843865
-1.43767034031724
-7.99442763403501
-5.52670534035999
-2.35470908713026
-7.99442763403501
-5.07741405701071
-3.21076210545837
-7.99442763403501
-4.49662041662771
-3.98365807179083
-7.99442763403501
-3.79936666942006
-4.65337938658319
-7.99442763403501
-3.00371132118989
-5.20258061957074
-7.99442763403501
-2.13026142751786
-5.61703774730124
-7.99442763403501
-1.20163888184794
-5.88601654787078
-7.99442763403501
-0.241894520330009
-6.00255061163267
-7.99442763403501
0.724114782203117
-5.963621767548
-7.99442763403501
1.67136989223718
-5.77023825223019
-7.99442763403501
2.57533739999249
-5.42740859714628
-7.99442763403501
3.41260502185049
-4.94401191028281
-7.99442763403501
4.16148796620147
-4.33256791191295
-7.99442763403501
4.80259055815686
-3.60891268041774
-7.99442763403501
5.31930857734072
-2.79178850617429
-7.99442763403501
5.69825929847565
-1.90235847607995
-7.99442763403501
5.92962809693792
-0.963658360718055
-7.99442763403501
6.00742264237979
-1.47139418202315e-15
-7.99442763403501
5.34465826127801
0
-8.45190085543795
5.27544634050435
0.857343477438616
-8.45190085543795
5.06960313057606
1.69248220915337
-8.45190085543795
4.73245986250582
2.48378654067105
-8.45190085543795
4.27274836984345
3.21076210545837
-8.45190085543795
3.70237493877355
3.85458061825004
-8.45190085543795
3.03611194155747
4.39856751774705
-8.45190085543795
2.29121523985127
4.82863382899559
-8.45190085543795
1.48697726695289
5.13364106043777
-8.45190085543795
0.644227363913638
5.30568968499216
-8.45190085543795
-0.215207689453911
5.34032373365578
-8.45190085543795
-1.069068976708
5.23664620276068
-8.45190085543795
-1.89524193902144
4.99734228589773
-8.45190085543795
-2.67232913063901
4.62860982881313
-8.45190085543795
-3.38020440148291
4.13999880845911
-8.45190085543795
-4.00053415386806
3.5441639936073
-8.45190085543795
-4.51725217305191
2.85653719298473
-8.45190085543795
-4.91697573375708
2.09492757953379
-8.45190085543795
-5.18935220572644
1.27906044218773
-8.45190085543795
-5.32732718140874
0.430066311248545
-8.45190085543795
-5.32732718140874
-0.430066311248544
-8.45190085543795
-5.18935220572644
-1.27906044218773
-8.45190085543795
-4.91697573375709
-2.09492757953378
-8.45190085543795
-4.51725217305191
-2.85653719298473
-8.45190085543795
-4.00053415386806
-3.5441639936073
-8.45190085543795
-3.38020440148291
-4.13999880845911
-8.45190085543795
-2.672329130639
-4.62860982881313
-8.45190085543795
-1.89524193902145
-4.99734228589773
-8.45190085543795
-1.069068976708
-5.23664620276068
-8.45190085543795
-0.215207689453911
-5.34032373365578
-8.45190085543795
0.644227363913635
-5.30568968499216
-8.45190085543795
1.48697726695288
-5.13364106043777
-8.45190085543795
2.29121523985126
-4.82863382899559
-8.45190085543795
3.03611194155747
-4.39856751774705
-8.45190085543795
3.70237493877355
-3.85458061825004
-8.45190085543795
4.27274836984345
-3.21076210545837
-8.45190085543795
4.73245986250582
-2.48378654067105
-8.45190085543795
5.06960313057606
-1.69248220915337
-8.45190085543795
5.27544634050435
-0.857343477438618
-8.45190085543795
5.34465826127801
-1.30906372644212e-15
-8.45190085543795
4.64723172043769
0
-8.8545602565321
4.58705129019726
0.745468392718222
-8.8545602565321
4.40806864100788
1.47162954564157
-8.8545602565321
4.11491932946828
2.15967626634422
-8.8545602565321
3.71519576876311
2.79178850617429
-8.8545602565321
3.2192505891495
3.35159489015347
-8.8545602565321
2.63992851027143
3.82459672698944
-8.8545602565321
1.99223366966795
4.19854351756458
-8.8545602565321
1.29294102349227
4.46375023642822
-8.8545602565321
0.560161883958792
4.61334816886846
-8.8545602565321
-0.187125154129718
4.64346280701527
-8.8545602565321
-0.929565749018587
4.55331419755915
-8.8545602565321
-1.64793107928629
4.34523714213212
-8.8545602565321
-2.32361586021884
4.0246207271719
-8.8545602565321
-2.93912021091096
3.5997687494139
-8.8545602565321
-3.47850289198929
3.08168465191758
-8.8545602565321
-3.92779417533856
2.48378654067105
-8.8545602565321
-4.2753576527219
1.82155966269416
-8.8545602565321
-4.51219161264177
1.11215534627475
-8.8545602565321
-4.63216217993938
0.373946790575148
-8.8545602565321
-4.63216217993938
-0.373946790575147
-8.8545602565321
-4.51219161264177
-1.11215534627476
-8.8545602565321
-4.2753576527219
-1.82155966269416
-8.8545602565321
-3.92779417533857
-2.48378654067105
-8.8545602565321
-3.47850289198929
-3.08168465191758
-8.8545602565321
-2.93912021091096
-3.5997687494139
-8.8545602565321
-2.32361586021884
-4.0246207271719
-8.8545602565321
-1.6479310792863
-4.34523714213212
-8.8545602565321
-0.92956574901859
-4.55331419755915
-8.8545602565321
-0.187125154129718
-4.64346280701527
-8.8545602565321
0.560161883958789
-4.61334816886846
-8.8545602565321
1.29294102349226
-4.46375023642822
-8.8545602565321
1.99223366966795
-4.19854351756458
-8.8545602565321
2.63992851027143
-3.82459672698944
-8.8545602565321
3.2192505891495
-3.35159489015347
-8.8545602565321
3.71519576876311
-2.79178850617429
-8.8545602565321
4.11491932946828
-2.15967626634422
-8.8545602565321
4.40806864100788
-1.47162954564157
-8.8545602565321
4.58705129019726
-0.745468392718224
-8.8545602565321
4.64723172043769
-1.13824349026601e-15
-8.8545602565321
3.91966609860075
0
-9.19979443658824
3.86890745207679
0.628758659411287
-9.19979443658824
3.71794613478761
1.24123279981554
-9.19979443658824
3.47069196555464
1.82155966269416
-9.19979443658824
3.13354869748441
2.35470908713026
-9.19979443658824
2.7152481641267
2.82687278308144
-9.19979443658824
2.22662412957233
3.22582195883875
-9.19979443658824
1.68033169965387
3.54122404030843
-9.19979443658824
1.090519561352
3.7649102792535
-9.19979443658824
0.472463539234668
3.89108731958226
-9.19979443658824
-0.157829040375163
3.91648724222795
-9.19979443658824
-0.784033930743055
3.840452202536
-9.19979443658824
-1.38993275413878
3.66495146809507
-9.19979443658824
-1.95983304930038
3.39453041574089
-9.19979443658824
-2.47897469793802
3.03619280868379
-9.19979443658824
-2.93391220404455
2.59921940272046
-9.19979443658824
-3.31286292517948
2.09492757953379
-9.19979443658824
-3.60601223671907
1.536378232452
-9.19979443658824
-3.8057677254787
0.938037496172058
-9.19979443658824
-3.90695582922621
0.315402081469679
-9.19979443658824
-3.90695582922621
-0.315402081469678
-9.19979443658824
-3.8057677254787
-0.938037496172059
-9.19979443658824
-3.60601223671907
-1.536378232452
-9.19979443658824
-3.31286292517948
-2.09492757953378
-9.19979443658824
-2.93391220404455
-2.59921940272046
-9.19979443658824
-2.47897469793802
-3.03619280868379
-9.19979443658824
-1.95983304930037
-3.39453041574089
-9.19979443658824
-1.38993275413878
-3.66495146809507
-9.19979443658824
-0.784033930743057
-3.840452202536
-9.19979443658824
-0.157829040375163
-3.91648724222795
-9.19979443658824
0.472463539234665
-3.89108731958226
-9.19979443658824
1.090519561352
-3.7649102792535
-9.19979443658824
1.68033169965387
-3.54122404030843
-9.19979443658824
2.22662412957233
-3.22582195883875
-9.19979443658824
2.7152481641267
-2.82687278308144
-9.19979443658824
3.13354869748441
-2.35470908713026
-9.19979443658824
3.47069196555464
-1.82155966269416
-9.19979443658824
3.71794613478761
-1.24123279981554
-9.19979443658824
3.86890745207679
-0.628758659411288
-9.19979443658824
3.91966609860075
-9.60041308275561e-16
-9.19979443658824
3.16667993801472
0
-9.48536441947146
3.12567226450764
0.507971184923515
-9.48536441947146
3.00371132118989
1.00278618298249
-9.48536441947146
2.80395583243027
1.47162954564157
-9.48536441947146
2.53157936046092
1.90235847607995
-9.48536441947146
2.19363631283307
2.28381732125078
-9.48536441947146
1.79887923696697
2.60612649743524
-9.48536441947146
1.3575321337712
2.86093836627138
-9.48536441947146
0.881025661389567
3.04165343420285
-9.48536441947146
0.381701087159427
3.14359127589549
-9.48536441947146
-0.127509344729787
3.16411175479494
-9.48536441947146
-0.633417351568076
3.10268340127662
-9.48536441947146
-1.12292018171957
2.96089717742981
-9.48536441947146
-1.58333996900736
2.74242527197528
-9.48536441947146
-2.00275208278807
2.4529259925063
-9.48536441947146
-2.37029396962182
2.09989721829412
-9.48536441947146
-2.67644648770048
1.69248220915337
-9.48536441947146
-2.91328044762035
1.24123279981554
-9.48536441947146
-3.07466197422263
0.757836112952076
-9.48536441947146
-3.15641137073816
0.25481186883614
-9.48536441947146
-3.15641137073816
-0.254811868836139
-9.48536441947146
-3.07466197422263
-0.757836112952076
-9.48536441947146
-2.91328044762035
-1.24123279981554
-9.48536441947146
-2.67644648770048
-1.69248220915337
-9.48536441947146
-2.37029396962182
-2.09989721829412
-9.48536441947146
-2.00275208278807
-2.4529259925063
-9.48536441947146
-1.58333996900736
-2.74242527197528
-9.48536441947146
-1.12292018171958
-2.96089717742981
-9.48536441947146
-0.633417351568077
-3.10268340127661
-9.48536441947146
-0.127509344729787
-3.16411175479494
-9.48536441947146
0.381701087159425
-3.14359127589549
-9.48536441947146
0.881025661389564
-3.04165343420286
-9.48536441947146
1.3575321337712
-2.86093836627138
-9.48536441947146
1.79887923696697
-2.60612649743524
-9.48536441947146
2.19363631283307
-2.28381732125078
-9.48536441947146
2.53157936046092
-1.90235847607995
-9.48536441947146
2.80395583243027
-1.47162954564157
-9.48536441947146
3.00371132118989
-1.00278618298249
-9.48536441947146
3.12567226450764
-0.507971184923516
-9.48536441947146
3.16667993801472
-7.75612890002774e-16
-9.48536441947146
2.39315664287558
0
-9.70941817426052
2.362165892884
0.383889322376929
-9.70941817426052
2.26999628705538
0.757836112952076
-9.70941817426052
2.11903496976619
1.11215534627475
-9.70941817426052
1.9131917598379
1.43767034031723
-9.70941817426052
1.65779788828319
1.72595042771897
-9.70941817426052
1.3594679222231
1.96952930564283
-9.70941817426052
1.02592845107307
2.16209840909666
-9.70941817426052
0.665817971935655
2.29867029945292
-9.70941817426052
0.288463157063196
2.37570783648929
-9.70941817426052
-0.0963627020544769
2.39121578846248
-9.70941817426052
-0.478692817805936
2.34479250756235
-9.70941817426052
-0.848625041021987
2.23764033237916
-9.70941817426052
-1.19657832143779
2.07253444796573
-9.70941817426052
-1.51354085186202
1.85375101000223
-9.70941817426052
-1.79130346924944
1.58695639461027
-9.70941817426052
-2.02267226771171
1.27906044218773
-9.70941817426052
-2.20165491690109
0.938037496172058
-9.70941817426052
-2.32361586021884
0.57271987173395
-9.70941817426052
-2.38539637329616
0.192569103453837
-9.70941817426052
-2.38539637329616
-0.192569103453837
-9.70941817426052
-2.32361586021884
-0.572719871733951
-9.70941817426052
-2.20165491690109
-0.938037496172057
-9.70941817426052
-2.02267226771171
-1.27906044218773
-9.70941817426052
-1.79130346924944
-1.58695639461027
-9.70941817426052
-1.51354085186202
-1.85375101000223
-9.70941817426052
-1.19657832143779
-2.07253444796573
-9.70941817426052
-0.848625041021988
-2.23764033237916
-9.70941817426052
-0.478692817805937
-2.34479250756235
-9.70941817426052
-0.096362702054477
-2.39121578846248
-9.70941817426052
0.288463157063194
-2.37570783648929
-9.70941817426052
0.665817971935654
-2.29867029945292
-9.70941817426052
1.02592845107306
-2.16209840909666
-9.70941817426052
1.3594679222231
-1.96952930564283
-9.70941817426052
1.65779788828319
-1.72595042771897
-9.70941817426052
1.9131917598379
-1.43767034031723
-9.70941817426052
2.11903496976619
-1.11215534627475
-9.70941817426052
2.26999628705538
-0.757836112952075
-9.70941817426052
2.362165892884
-0.38388932237693
-9.70941817426052
2.39315664287558
-5.8615432451116e-16
-9.70941817426052
1.6041128085776
0
-9.87050262637913
1.58333996900736
0.257317790264272
-9.87050262637913
1.52155945593004
0.507971184923514
-9.87050262637913
1.42037135218253
0.745468392718221
-9.87050262637913
1.28239637650023
0.963658360718051
-9.87050262637913
1.11120800827839
1.15689008336173
-9.87050262637913
0.911239936332838
1.32015896053272
-9.87050262637913
0.687671228688579
1.44923641407351
-9.87050262637913
0.446292197438358
1.54077940573865
-9.87050262637913
0.193354432700986
1.59241702012934
-9.87050262637913
-0.0645911102789314
1.60281187015684
-9.87050262637913
-0.320863777430773
1.5716947346656
-9.87050262637913
-0.568826241289144
1.49987153111978
-9.87050262637913
-0.802056404288801
1.38920244276421
-9.87050262637913
-1.01451372771822
1.2425537408555
-9.87050262637913
-1.20069567849927
1.06372354974209
-9.87050262637913
-1.3557802419036
0.857343477438615
-9.87050262637913
-1.47575080920122
0.628758659411286
-9.87050262637913
-1.55750020571674
0.383889322376928
-9.87050262637913
-1.59891116502142
0.12907745354079
-9.87050262637913
-1.59891116502142
-0.12907745354079
-9.87050262637913
-1.55750020571674
-0.383889322376929
-9.87050262637913
-1.47575080920122
-0.628758659411285
-9.87050262637913
-1.3557802419036
-0.857343477438614
-9.87050262637913
-1.20069567849927
-1.06372354974209
-9.87050262637913
-1.01451372771822
-1.2425537408555
-9.87050262637913
-0.8020564042888
-1.38920244276421
-9.87050262637913
-0.568826241289145
-1.49987153111978
-9.87050262637913
-0.320863777430774
-1.5716947346656
-9.87050262637913
-0.0645911102789314
-1.60281187015684
-9.87050262637913
0.193354432700985
-1.59241702012934
-9.87050262637913
0.446292197438357
-1.54077940573865
-9.87050262637913
0.687671228688578
-1.44923641407351
-9.87050262637913
0.911239936332837
-1.32015896053272
-9.87050262637913
1.11120800827839
-1.15689008336173
-9.87050262637913
1.28239637650023
-0.963658360718051
-9.87050262637913
1.42037135218253
-0.745468392718221
-9.87050262637913
1.52155945593004
-0.507971184923514
-9.87050262637913
1.58333996900736
-0.257317790264273
-9.87050262637913
1.6041128085776
-3.92894323299166e-16
-9.87050262637913
0.804665687167261
0
-9.9675730813421
0.794245477854161
0.12907745354079
-9.9675730813421
0.763254727862588
0.25481186883614
-9.9675730813421
0.712496081338632
0.373946790575148
-9.9675730813421
0.643284160564972
0.483396686863469
-9.9675730813421
0.557411517934298
0.580326862878621
-9.9675730813421
0.457102209783922
0.662226877976888
-9.9675730813421
0.344954194504882
0.726975564787324
-9.9675730813421
0.223872046784265
0.772895966332458
-9.9675730813421
0.0969917306465099
0.798798768333148
-9.9675730813421
-0.0324006203675783
0.804013101823693
-9.9675730813421
-0.160953812333409
0.78840391830565
-9.9675730813421
-0.285338385104951
0.75237548743301
-9.9675730813421
-0.402332843583631
0.69686092664051
-9.9675730813421
-0.508907092749211
0.623298033892219
-9.9675730813421
-0.602300915529179
0.53359204946951
-9.9675730813421
-0.680095460971053
0.430066311248545
-9.9675730813421
-0.740275891211482
0.315402081469679
-9.9675730813421
-0.781283564718563
0.192569103453837
-9.9675730813421
-0.802056404288803
0.064748686810436
-9.9675730813421
-0.802056404288803
-0.0647486868104358
-9.9675730813421
-0.781283564718563
-0.192569103453837
-9.9675730813421
-0.740275891211482
-0.315402081469678
-9.9675730813421
-0.680095460971054
-0.430066311248544
-9.9675730813421
-0.60230091552918
-0.53359204946951
-9.9675730813421
-0.50890709274921
-0.62329803389222
-9.9675730813421
-0.40233284358363
-0.69686092664051
-9.9675730813421
-0.285338385104951
-0.75237548743301
-9.9675730813421
-0.160953812333409
-0.78840391830565
-9.9675730813421
-0.0324006203675783
-0.804013101823693
-9.9675730813421
0.0969917306465093
-0.798798768333149
-9.9675730813421
0.223872046784265
-0.772895966332458
-9.9675730813421
0.344954194504881
-0.726975564787324
-9.9675730813421
0.457102209783921
-0.662226877976888
-9.9675730813421
0.557411517934298
-0.580326862878621
-9.9675730813421
0.643284160564972
-0.483396686863469
-9.9675730813421
0.712496081338632
-0.373946790575148
-9.9675730813421
0.763254727862589
-0.25481186883614
-9.9675730813421
0.794245477854161
-0.12907745354079
-9.9675730813421
0.804665687167261
-1.97086251634618e-16
-9.9675730813421
1.22464679914735e-15
0
-10
1.20878794473707e-15
1.96447161649583e-16
-10
1.16162211750519e-15
3.87806445001387e-16
-10
1.08437088760194e-15
5.69121745133006e-16
-10
9.79035021303613e-16
7.35697091011574e-16
-10
8.48342662216951e-16
8.8321826867684e-16
-10
6.95678673792762e-16
1.00786455711658e-15
-10
5.24996973140531e-16
1.10640768293389e-15
-10
3.40718126652178e-16
1.17629543093242e-15
-10
1.47614859654529e-16
1.21571774514935e-15
-10
-4.93115546696543e-17
1.22365360835406e-15
-10
-2.44960825630061e-16
1.19989748585806e-15
-10
-4.3426573987865e-16
1.14506464875548e-15
-10
-6.12323399573677e-16
1.06057523872491e-15
-10
-7.74522204858424e-16
9.48617487105895e-16
-10
-9.16661291875129e-16
8.12091040856675e-16
-10
-1.03505933293229e-15
6.54531863221058e-16
-10
-1.12664988095814e-15
4.8002065413778e-16
-10
-1.18906078886913e-15
2.9307716225558e-16
-10
-1.22067564693329e-15
9.85431258173092e-17
-10
-1.22067564693329e-15
-9.85431258173088e-17
-10
-1.18906078886913e-15
-2.9307716225558e-16
-10
-1.12664988095814e-15
-4.8002065413778e-16
-10
-1.03505933293229e-15
-6.54531863221057e-16
-10
-9.1666129187513e-16
-8.12091040856674e-16
-10
-7.74522204858424e-16
-9.48617487105895e-16
-10
-6.12323399573676e-16
-1.06057523872491e-15
-10
-4.3426573987865e-16
-1.14506464875548e-15
-10
-2.44960825630062e-16
-1.19989748585806e-15
-10
-4.93115546696543e-17
-1.22365360835406e-15
-10
1.47614859654528e-16
-1.21571774514935e-15
-10
3.40718126652177e-16
-1.17629543093242e-15
-10
5.2499697314053e-16
-1.10640768293389e-15
-10
6.95678673792762e-16
-1.00786455711658e-15
-10
8.4834266221695e-16
-8.8321826867684e-16
-10
9.79035021303613e-16
-7.35697091011574e-16
-10
1.08437088760194e-15
-5.69121745133006e-16
-10
1.16162211750519e-15
-3.87806445001387e-16
-10
1.20878794473707e-15
-1.96447161649584e-16
-10
1.22464679914735e-15
-2.99951956532372e-31
-10
