TIME: 3.21 - SYSTEM: Plan 0
1.010488,1.008143,0.874821,0.074908,0.056849,0.039679,0.369870,0.280875,0.195928,0.951172,0.722040,0.503828,0.033156,0.0966801.104593,1.080191,0.925075,0.309352,0.239179,0.166761,0.481171,0.387080,0.269185,-0.155259,-0.061595,-0.045471,0.089858,0.1152821.309412,1.241920,1.037684,0.482080,0.389351,0.270728,0.163128,0.178399,0.121841,-0.782318,-0.535307,-0.377131,0.155919,0.1329411.553678,1.446770,1.179755,0.461037,0.405552,0.280359,-0.238544,-0.110446,-0.081218,-0.705070,-0.522733,-0.367203,0.230242,0.1478890.981283,0.864477,0.640845,0.287977,0.305852,0.208646,-0.406618,-0.258236,-0.184411,-0.114237,-0.148621,-0.102858,0.277520,0.0612930.989799,0.902958,0.697905,0.029149,0.045130,0.020887,0.143929,0.222777,0.103135,0.370126,0.572732,0.265222,0.197932,0.0064781.026999,0.959739,0.724183,0.124534,0.187054,0.086553,0.207761,0.293359,0.135615,-0.007638,-0.084325,-0.039570,0.167313,-0.0216551.112801,1.084133,0.781668,0.211028,0.294192,0.135655,0.121139,0.107080,0.047485,-0.233429,-0.461879,-0.218454,0.123172,-0.0465191.227988,1.234413,0.850594,0.238426,0.286676,0.130433,-0.012007,-0.132518,-0.066238,-0.249782,-0.423361,-0.201014,0.066410,-0.0704491.341372,1.354980,0.904568,0.207919,0.187094,0.081377,-0.099140,-0.238588,-0.117149,-0.116767,-0.082598,-0.040356,0.024493,-0.0147711.309824,1.327155,0.902148,-0.013113,0.021828,0.004663,-0.064752,0.107762,0.023019,-0.166500,0.277046,0.059209,0.021116,-0.0171161.293003,1.354844,0.908056,-0.056633,0.092032,0.019608,-0.096495,0.149593,0.031687,-0.004367,-0.021064,-0.005199,0.018238,-0.0199971.253589,1.417220,0.921295,-0.097809,0.150538,0.031824,-0.060129,0.070708,0.014206,0.101942,-0.203716,-0.044815,0.014380,-0.0213621.199568,1.496713,0.937964,-0.113301,0.158114,0.032772,-0.001499,-0.039374,-0.010214,0.110833,-0.199695,-0.044371,0.010015,-0.0221361.144606,1.567726,0.952363,-0.103492,0.121308,0.023743,0.035684,-0.096561,-0.023488,0.048513,-0.059070,-0.014459,0.007372,-0.0167151.140561,1.552558,0.950057,0.003097,0.017219,0.001909,0.015292,0.085012,0.009426,0.039326,0.218592,0.024245,0.006862,-0.0170171.144477,1.574725,0.952511,0.012977,0.074965,0.008287,0.020815,0.129653,0.014251,-0.004048,0.013332,0.001154,0.006215,-0.0176611.153207,1.627329,0.958306,0.020894,0.131539,0.014432,0.008888,0.085941,0.009128,-0.030302,-0.126970,-0.014643,0.005354,-0.0179481.164080,1.700739,0.966303,0.021225,0.155537,0.016798,-0.007375,0.008750,0.000184,-0.029308,-0.149564,-0.017297,0.004413,-0.0180341.173318,1.776933,0.974412,0.015065,0.144679,0.015094,-0.015560,-0.046333,-0.006348,-0.008010,-0.078515,-0.009431,0.003953,-0.016588TIME: 7.836 - SYSTEM: Plan 1
1.111794,1.322971,0.846122,0.054860,0.328081,-0.016128,-0.043200,-0.027773,-0.037713,-0.687087,-0.628658,-0.425964,0.014581,0.0515401.113101,1.326582,0.832273,0.057034,0.312542,-0.051362,-0.041717,-0.060628,-0.064096,-0.726844,-0.675904,-0.304005,0.038481,0.0621221.114947,1.317724,0.799885,0.055743,0.277612,-0.085911,-0.055578,-0.101377,-0.038456,-0.748919,-0.673238,-0.221774,0.067222,0.0707591.114239,1.286990,0.754607,0.046847,0.227146,-0.101368,-0.069642,-0.118223,0.006776,-0.738899,-0.610005,-0.208669,0.099230,0.0758151.166954,1.667891,0.826756,-0.005051,0.001955,-0.077143,-0.039177,-0.119663,0.018262,0.003265,0.015727,0.037071,0.121896,0.0097961.158003,1.625856,0.830620,0.005941,0.099919,-0.004329,0.004714,0.129014,-0.010453,0.120854,0.404758,-0.003871,0.091439,0.0005091.163362,1.696436,0.827199,0.018025,0.185951,-0.009083,0.036151,0.178715,-0.007501,0.027305,-0.059310,0.009970,0.078886,-0.0255211.176792,1.807561,0.821959,0.034635,0.246740,-0.011372,0.024864,0.044077,-0.001576,-0.043431,-0.333293,0.011419,0.057677,-0.0372871.196079,1.929070,0.816266,0.040029,0.224652,-0.011099,-0.004192,-0.128978,0.002134,-0.057563,-0.304409,0.004766,0.031126,-0.0467711.214503,2.020837,0.810956,0.031794,0.136394,-0.010347,-0.026665,-0.204099,-0.000070,-0.032772,-0.054713,-0.007736,0.011980,-0.0202671.197396,1.927797,0.816758,-0.007336,0.097457,-0.003369,-0.055036,0.202926,-0.008295,-0.058482,0.577575,-0.003743,0.009066,-0.0206011.186036,2.007935,0.814092,-0.039104,0.227039,-0.007016,-0.067599,0.261041,-0.005254,-0.003196,-0.118051,0.010001,0.005952,-0.0236051.158270,2.147200,0.810164,-0.071076,0.311181,-0.008206,-0.057542,0.045862,0.000529,0.031760,-0.519945,0.010876,0.001888,-0.0248221.116387,2.297259,0.806298,-0.094541,0.267171,-0.007001,-0.035130,-0.214253,0.003695,0.048045,-0.447371,0.003442,-0.002489,-0.0251051.065789,2.398063,0.803215,-0.105707,0.128852,-0.005558,-0.009679,-0.305773,0.001213,0.047695,-0.029573,-0.008019,-0.004675,-0.0185671.068617,2.371602,0.804444,0.006948,0.024830,-0.000603,0.031092,0.075000,-0.001549,0.094160,0.202379,-0.000978,-0.004280,-0.0175761.077119,2.396114,0.803945,0.028185,0.076475,-0.001382,0.046057,0.116490,-0.001422,-0.004889,0.012864,0.000859,-0.003940,-0.0172161.096216,2.447902,0.803097,0.045941,0.127085,-0.001963,0.020294,0.076002,-0.000887,-0.067210,-0.117745,0.001101,-0.003471,-0.0170271.120199,2.518068,0.802023,0.046915,0.147472,-0.002300,-0.016037,0.004343,-0.000504,-0.065692,-0.138744,0.000581,-0.002916,-0.0168711.140655,2.589873,0.800813,0.033482,0.135519,-0.002546,-0.033745,-0.046695,-0.000544,-0.016333,-0.072484,-0.000299,-0.002422,-0.017133TIME: 9.98 - SYSTEM: Plan 2
1.155443,2.183726,0.663886,-0.002211,0.331114,-0.016042,0.028213,-0.123581,-0.023994,0.059152,-0.292715,-0.109906,0.002914,0.0224491.160960,2.186400,0.649735,0.010733,0.314697,-0.053115,0.026382,-0.154214,-0.051187,-0.032120,-0.332619,0.034645,0.017416,0.0289001.171111,2.176565,0.616446,0.013612,0.280687,-0.087545,-0.008132,-0.190386,-0.017723,-0.076082,-0.327136,0.129103,0.034850,0.0341161.178068,2.145864,0.571395,-0.001872,0.233212,-0.098634,-0.041834,-0.204141,0.035285,-0.052645,-0.269396,0.136310,0.054277,0.0372271.160576,2.482973,0.654970,0.010814,-0.001653,-0.084369,-0.082124,-0.114714,0.035955,0.001601,0.014271,0.039227,0.069120,-0.0003831.159512,2.450596,0.659035,0.005717,0.095252,0.011467,0.034604,0.123498,0.050424,0.085750,0.414823,0.105326,0.054311,0.0080191.167698,2.518307,0.672138,0.027933,0.179371,0.041533,0.046856,0.176050,0.059569,-0.008348,-0.056009,-0.025969,0.048888,-0.0204091.186808,2.625879,0.699011,0.046435,0.239259,0.062357,0.023270,0.043120,0.018352,-0.060140,-0.330115,-0.098671,0.035725,-0.0282581.211543,2.743556,0.730318,0.049659,0.216834,0.058591,-0.010291,-0.129639,-0.032297,-0.061863,-0.304877,-0.088783,0.019562,-0.0329431.233970,2.831237,0.754246,0.038137,0.127585,0.035250,-0.033321,-0.207931,-0.055517,-0.032084,-0.062515,-0.019545,0.008086,-0.0168501.226100,2.791236,0.748293,-0.005694,0.050701,0.012743,-0.025777,0.122947,0.060633,-0.067478,0.351951,0.147013,0.006596,-0.0163071.219011,2.836197,0.763966,-0.024108,0.133161,0.051518,-0.043619,0.177370,0.081779,-0.014559,-0.022960,-0.014051,0.005676,-0.0175861.201565,2.922005,0.798618,-0.045075,0.201435,0.083211,-0.037087,0.078124,0.037585,0.026101,-0.257428,-0.113005,0.004354,-0.0180991.175107,3.026632,0.842367,-0.059147,0.205117,0.086603,-0.018223,-0.062316,-0.023437,0.039850,-0.255309,-0.110570,0.002892,-0.0182411.144055,3.117406,0.881021,-0.063547,0.152097,0.065459,-0.000165,-0.135213,-0.054810,0.030796,-0.074303,-0.031867,0.002200,-0.0159211.146172,3.095613,0.876147,0.013209,0.027372,0.012898,0.066050,0.089821,0.062868,0.169440,0.243709,0.158518,0.031006,0.0692571.162982,3.123804,0.892573,0.055718,0.089310,0.055316,0.089164,0.139758,0.094889,-0.019211,0.015465,0.008687,0.093364,0.1225571.200395,3.184726,0.931278,0.089348,0.150060,0.096629,0.036929,0.091349,0.062612,-0.131924,-0.140814,-0.093211,0.176029,0.1541791.246740,3.267731,0.985149,0.090158,0.174664,0.114055,-0.032618,0.005625,0.006184,-0.124230,-0.165965,-0.109148,0.271540,0.1752631.285886,3.352799,1.041002,0.063820,0.160536,0.106041,-0.065036,-0.055646,-0.033965,-0.028025,-0.087298,-0.057167,0.333941,0.067796TIME: 15.86 - SYSTEM: Plan 3
1.136339,2.693304,0.956957,0.047597,0.340228,0.018034,0.080872,0.146795,-0.119399,-0.101322,-0.309387,-0.118880,0.330821,-0.0486781.131084,2.693305,0.953711,0.027539,0.315447,0.009615,0.055037,0.109438,-0.132240,-0.055267,-0.271675,-0.132304,0.304978,-0.0585951.113584,2.677190,0.944520,0.000649,0.277805,-0.005780,0.053161,0.095946,-0.145877,-0.012117,-0.224325,-0.127495,0.274795,-0.0661171.083228,2.641616,0.926249,-0.022414,0.239705,-0.025817,0.068965,0.107196,-0.149298,0.014825,-0.180207,-0.102330,0.241644,-0.0708761.187734,3.227584,0.978355,-0.023079,0.036932,0.037390,-0.074860,-0.090204,-0.058773,0.022431,-0.012623,-0.015836,0.208703,0.0353621.187680,3.177281,0.976261,0.029202,0.076494,0.006223,0.082349,0.087812,0.041898,0.169736,0.167759,0.159528,0.241499,0.0664851.214299,3.228048,0.986676,0.078242,0.126994,0.037774,0.097272,0.096596,0.072080,-0.041595,-0.057482,0.004854,0.289248,0.1504601.263460,3.301036,1.013689,0.112717,0.158223,0.067313,0.032161,0.019218,0.038696,-0.155980,-0.181176,-0.092778,0.364501,0.1871821.320415,3.378562,1.050002,0.108327,0.143981,0.073443,-0.048008,-0.074189,-0.014282,-0.140996,-0.163819,-0.098641,0.455982,0.2154891.366436,3.438711,1.083319,0.072688,0.092809,0.057287,-0.085987,-0.120969,-0.045320,-0.034288,-0.045821,-0.036584,0.516891,0.1116881.366436,3.438711,1.083319,0.000000,0.000000,0.000000,-0.000000,-0.000000,-0.000000,-0.000000,-0.000000,-0.000000,0.516891,0.1116881.366436,3.438711,1.083319,0.000000,0.000000,0.000000,-0.000000,-0.000000,-0.000000,-0.000000,-0.000000,-0.000000,0.516891,0.1116881.366436,3.438711,1.083319,0.000000,0.000000,0.000000,-0.000000,-0.000000,-0.000000,-0.000000,-0.000000,-0.000000,0.516891,0.1116881.366436,3.438711,1.083319,0.000000,0.000000,0.000000,-0.000000,-0.000000,-0.000000,-0.000000,-0.000000,-0.000000,0.516891,0.1116881.366436,3.438711,1.083319,0.000000,0.000000,0.000000,-0.000000,-0.000000,-0.000000,-0.000000,-0.000000,-0.000000,0.516891,0.1116881.366436,3.438711,1.083319,0.000000,0.000000,0.000000,-0.000000,-0.000000,-0.000000,-0.000000,-0.000000,-0.000000,0.516891,0.1116881.366436,3.438711,1.083319,0.000000,0.000000,0.000000,-0.000000,-0.000000,-0.000000,-0.000000,-0.000000,-0.000000,0.516891,0.1116881.366436,3.438711,1.083319,0.000000,0.000000,0.000000,-0.000000,-0.000000,-0.000000,-0.000000,-0.000000,-0.000000,0.516891,0.1116881.366436,3.438711,1.083319,0.000000,0.000000,0.000000,-0.000000,-0.000000,-0.000000,-0.000000,-0.000000,-0.000000,0.516891,0.1116881.366436,3.438711,1.083319,0.000000,0.000000,0.000000,-0.000000,-0.000000,-0.000000,-0.000000,-0.000000,-0.000000,0.516891,0.111688TIME: 17.98 - SYSTEM: Plan 4
1.339214,3.409672,0.953145,0.034289,0.030206,0.004103,0.025038,0.004265,0.018790,0.137461,0.105955,0.043493,0.546428,0.0472521.351504,3.416878,0.958294,0.064056,0.047922,0.017573,0.040112,0.017999,0.029442,-0.002131,0.040832,-0.003803,0.575431,0.0624471.377949,3.433373,0.970575,0.086325,0.065000,0.030909,-0.000127,0.003421,0.019501,-0.084231,-0.004383,-0.036779,0.611570,0.0753991.409545,3.455918,0.987798,0.083817,0.071212,0.036679,-0.051857,-0.022545,0.001303,-0.075602,-0.013162,-0.043107,0.652501,0.0826661.462059,3.507371,1.130860,0.037505,0.041266,0.033921,-0.052640,-0.020763,-0.011533,-0.016160,-0.029680,-0.020426,0.663236,0.1348931.452382,3.497368,1.110112,0.029936,0.005709,0.003094,0.136739,0.016758,0.015502,0.357757,0.048107,0.040584,0.669613,0.1832561.488196,3.502889,1.114101,0.115754,0.016917,0.013382,0.172825,0.024006,0.022352,-0.073129,-0.003598,-0.001201,0.707889,0.1971431.563560,3.513911,1.123288,0.174490,0.025867,0.022443,0.044650,0.009211,0.011877,-0.309272,-0.038120,-0.027918,0.760221,0.2309421.649674,3.527050,1.135326,0.156789,0.024681,0.024313,-0.111305,-0.014283,-0.004520,-0.270033,-0.044549,-0.030897,0.852618,0.3302661.710421,3.536747,1.146367,0.081496,0.012569,0.018917,-0.170754,-0.032664,-0.015786,-0.029651,-0.027162,-0.015445,0.947453,0.2859531.691720,3.529586,1.134266,0.035092,0.004424,0.003103,0.167268,0.015619,0.015443,0.433398,0.042899,0.040104,0.959464,0.3810151.735303,3.534322,1.138306,0.143987,0.015190,0.013762,0.231353,0.024210,0.024337,-0.036279,0.002234,0.004265,1.030418,0.4155541.832456,3.544699,1.148069,0.233519,0.025464,0.024654,0.105201,0.014642,0.017241,-0.324161,-0.027243,-0.021762,1.117364,0.4443191.955031,3.558557,1.161993,0.241982,0.028445,0.029817,-0.069565,-0.003211,0.002969,-0.316267,-0.035146,-0.028490,1.214514,0.4591842.062475,3.571679,1.176722,0.180784,0.022769,0.028101,-0.156596,-0.018525,-0.009013,-0.083836,-0.024121,-0.018864,1.270504,0.3314501.945721,3.544630,1.139802,0.093352,0.007523,0.026138,0.444107,0.019725,0.129445,1.151308,0.058363,0.333917,1.186683,0.4173652.058205,3.551490,1.172416,0.358890,0.020395,0.106106,0.497636,0.026419,0.158021,-0.396446,-0.009738,-0.081478,1.277830,0.4616802.282400,3.564306,1.240968,0.492839,0.028939,0.156654,-0.019761,0.004475,0.027244,-1.190484,-0.053997,-0.311280,1.390225,0.5006852.501763,3.578029,1.316056,0.338000,0.023231,0.130802,-0.573317,-0.027454,-0.125562,-0.905290,-0.059016,-0.259806,1.516341,0.5205052.588660,3.585133,1.362385,0.000641,0.003339,0.050677,-0.696024,-0.049649,-0.174927,0.111906,-0.029806,-0.007057,1.577090,0.319645TIME: 22.51 - SYSTEM: Plan 5
1.628547,3.497477,1.253305,0.709416,0.201997,0.056556,2.199664,0.566871,0.054293,5.289292,1.192611,0.302365,1.564776,-0.1882642.162415,3.643145,1.287809,1.899591,0.537344,0.141088,2.372956,0.677693,0.084207,-1.699414,-0.589169,-0.206771,1.459296,-0.2036523.187768,3.937756,1.359058,2.463183,0.741011,0.187432,-0.022082,0.107259,-0.078970,-5.255858,-1.568490,-0.482271,1.349822,-0.2073314.164620,4.252932,1.430404,1.702489,0.614118,0.140270,-2.539069,-0.549069,-0.262080,-3.870541,-1.327542,-0.403311,1.237832,-0.2127615.370950,4.528387,1.553223,-0.109733,0.185046,0.043746,-3.793620,-0.810381,-0.371825,0.725385,-0.023476,0.017946,1.105505,0.1161431.628547,3.497477,1.253305,0.000000,0.000000,0.000000,0.000000,0.000000,0.000000,0.000000,0.000000,0.000000,1.564776,0.0000002.162415,3.643145,1.287809,0.000000,0.000000,0.000000,0.000000,0.000000,0.000000,0.000000,0.000000,0.000000,1.459296,0.0000003.187768,3.937756,1.359058,0.000000,0.000000,0.000000,0.000000,0.000000,0.000000,0.000000,0.000000,0.000000,1.349822,0.0000004.164620,4.252932,1.430404,0.000000,0.000000,0.000000,0.000000,0.000000,0.000000,0.000000,0.000000,0.000000,1.237832,0.0000005.370950,4.528387,1.553223,0.000000,0.000000,0.000000,0.000000,0.000000,0.000000,0.000000,0.000000,0.000000,1.105505,0.0000001.628547,3.497477,1.253305,0.000000,0.000000,0.000000,0.000000,0.000000,0.000000,0.000000,0.000000,0.000000,1.564776,0.0000002.162415,3.643145,1.287809,0.000000,0.000000,0.000000,0.000000,0.000000,0.000000,0.000000,0.000000,0.000000,1.459296,0.0000003.187768,3.937756,1.359058,0.000000,0.000000,0.000000,0.000000,0.000000,0.000000,0.000000,0.000000,0.000000,1.349822,0.0000004.164620,4.252932,1.430404,0.000000,0.000000,0.000000,0.000000,0.000000,0.000000,0.000000,0.000000,0.000000,1.237832,0.0000005.370950,4.528387,1.553223,0.000000,0.000000,0.000000,0.000000,0.000000,0.000000,0.000000,0.000000,0.000000,1.105505,0.0000001.628547,3.497477,1.253305,0.000000,0.000000,0.000000,0.000000,0.000000,0.000000,0.000000,0.000000,0.000000,1.564776,0.0000002.162415,3.643145,1.287809,0.000000,0.000000,0.000000,0.000000,0.000000,0.000000,0.000000,0.000000,0.000000,1.459296,0.0000003.187768,3.937756,1.359058,0.000000,0.000000,0.000000,0.000000,0.000000,0.000000,0.000000,0.000000,0.000000,1.349822,0.0000004.164620,4.252932,1.430404,0.000000,0.000000,0.000000,0.000000,0.000000,0.000000,0.000000,0.000000,0.000000,1.237832,0.0000005.370950,4.528387,1.553223,0.000000,0.000000,0.000000,0.000000,0.000000,0.000000,0.000000,0.000000,0.000000,1.105505,0.000000TIME: 24.65 - SYSTEM: Plan 6
2.840403,3.504287,1.417621,0.109969,-0.061922,0.014407,-1.487239,-0.260994,0.035839,-4.592989,-1.335617,0.069917,1.121561,0.0479572.477899,3.403855,1.427893,-0.855447,-0.328294,0.037661,-1.637650,-0.398500,0.036519,1.225376,-0.035844,-0.088085,1.159748,0.0869081.717727,3.177135,1.447040,-1.304401,-0.525073,0.045057,0.339685,-0.029489,-0.021194,4.159687,0.706426,-0.169085,1.219289,0.1290091.004974,2.906315,1.461972,-0.664945,-0.498223,0.020784,2.393466,0.428644,-0.081284,2.953460,0.589737,-0.136254,1.295601,0.1561192.881239,3.529648,1.571200,0.185121,-0.163672,0.007213,-0.490216,-0.224250,-0.393813,-0.039542,0.040211,0.030278,1.334151,0.1260842.907653,3.530996,1.553354,0.080446,0.012869,0.002496,0.119867,0.027493,0.010005,0.275765,0.025798,0.029828,1.311957,0.1256752.965253,3.540954,1.556204,0.150235,0.026550,0.009230,0.129722,0.023406,0.014391,-0.104206,-0.023670,-0.002472,1.323349,0.1367853.052138,3.556347,1.562365,0.185886,0.033074,0.014676,-0.001509,0.000849,0.005966,-0.301377,-0.049347,-0.021558,1.341576,0.1509583.138499,3.571893,1.569939,0.147205,0.026927,0.014561,-0.147851,-0.024911,-0.006451,-0.246215,-0.045039,-0.023002,1.365902,0.1614063.190348,3.581434,1.575986,0.056356,0.009874,0.008882,-0.196853,-0.041308,-0.015395,-0.010969,-0.021249,-0.012699,1.375947,0.1143563.186270,3.578651,1.565982,0.054742,0.005808,0.001518,0.119294,0.009050,0.006232,0.289093,-0.001176,0.018258,1.367618,0.1337223.232292,3.582568,1.567774,0.133524,0.009508,0.005972,0.173194,0.005062,0.010292,0.003587,-0.010356,0.002016,1.381563,0.1337663.318317,3.587661,1.571962,0.202803,0.010204,0.010451,0.085632,-0.002641,0.006633,-0.238860,-0.015684,-0.010989,1.399641,0.1457933.424796,3.592074,1.577728,0.211485,0.006721,0.011982,-0.051232,-0.011167,-0.000747,-0.254738,-0.015009,-0.014681,1.422959,0.1548473.520032,3.593739,1.583331,0.163266,-0.000601,0.009882,-0.127956,-0.017628,-0.007280,-0.085112,-0.009443,-0.010463,1.434530,0.1159063.510759,3.592222,1.578987,0.031979,0.002210,0.000725,0.095108,0.002749,0.003056,0.237225,-0.003098,0.008787,1.429955,0.1252713.541399,3.593585,1.579853,0.093021,0.003051,0.002894,0.128451,0.000514,0.004995,-0.024707,-0.004579,0.000929,1.437452,0.1281873.601507,3.595062,1.581884,0.140185,0.002625,0.005075,0.046448,-0.002240,0.003261,-0.208901,-0.005140,-0.005204,1.447507,0.1341343.672717,3.595979,1.584693,0.135267,0.000816,0.005864,-0.064514,-0.004922,-0.000214,-0.198124,-0.004540,-0.006911,1.459933,0.1379723.729409,3.595680,1.587460,0.087572,-0.002184,0.004954,-0.113373,-0.006927,-0.003241,-0.036502,-0.002878,-0.004811,1.466078,0.117669TIME: 26.8 - SYSTEM: Plan 7
3.620375,3.866283,1.457335,0.184063,0.032197,0.003064,-0.144265,-0.326502,0.000782,-8.290331,-10.299165,0.226583,1.545932,0.1759243.634914,3.839978,1.458987,0.242482,0.008719,0.006331,-0.058901,-0.248630,0.000374,-8.721348,-10.295209,0.210581,1.663742,0.2532133.680434,3.810875,1.461935,0.291008,0.018338,0.007758,-0.174895,-0.200684,-0.005930,-9.055390,-10.378173,0.202436,1.815650,0.3126223.731727,3.790878,1.464721,0.261825,0.041939,0.005626,-0.341688,-0.191103,-0.013082,-9.032889,-10.443309,0.204192,1.989833,0.3467953.854787,3.523003,1.587650,0.073999,-0.008232,0.003902,-0.297626,0.027990,-0.014295,-0.029982,-0.041957,-0.007748,2.075633,0.2346483.815209,3.567693,1.564800,-0.008003,-0.097967,0.004285,0.076666,-0.205120,0.015591,1.043481,0.483797,0.024373,1.918731,0.0459673.836001,3.503000,1.569079,0.111966,-0.141917,0.012778,0.336359,0.019794,0.015572,0.204257,0.379025,-0.011754,1.833282,0.0187083.932086,3.440220,1.576982,0.260691,-0.101062,0.017767,0.209577,0.120881,0.003228,-0.437375,0.093961,-0.027672,1.731961,-0.0134624.077818,3.405289,1.585644,0.299316,-0.039622,0.015625,-0.059320,0.112216,-0.011591,-0.515071,-0.069377,-0.026370,1.610805,-0.0546444.211801,3.397521,1.591509,0.223930,0.004012,0.006947,-0.214680,0.059335,-0.022156,-0.173525,-0.111557,-0.015097,1.510774,0.0282784.175396,3.422474,1.583046,0.003051,-0.028776,0.001182,0.056496,-0.042522,0.003847,0.447748,0.251839,0.004276,1.501856,0.0051404.190503,3.407376,1.584149,0.065949,-0.022694,0.003168,0.165871,0.057691,0.003558,0.080644,0.151214,-0.002890,1.492561,0.0103834.243081,3.405140,1.586076,0.138375,0.015516,0.004267,0.101261,0.083318,0.000578,-0.212528,-0.004416,-0.006643,1.487749,0.0207424.319695,3.422518,1.588125,0.156766,0.051062,0.003577,-0.029811,0.052953,-0.003356,-0.250447,-0.081225,-0.007271,1.487467,0.0285954.390287,3.452637,1.589353,0.119920,0.066736,0.001027,-0.104545,0.010253,-0.006650,-0.082803,-0.078070,-0.005126,1.485129,0.0185304.369044,3.462982,1.585400,0.013745,-0.013057,0.000798,0.087718,-0.016817,0.002985,0.370416,0.129798,0.004986,1.484424,0.0158344.392005,3.456713,1.586223,0.084530,-0.007937,0.002520,0.169214,0.032390,0.003414,0.041205,0.070522,-0.001283,1.485011,0.0207624.453912,3.457575,1.587843,0.157170,0.012041,0.003783,0.102991,0.041179,0.001367,-0.199714,-0.010256,-0.004939,1.488704,0.0272754.540517,3.468151,1.589787,0.179111,0.028648,0.003742,-0.016640,0.022592,-0.001554,-0.227846,-0.045884,-0.005473,1.495057,0.0316584.624254,3.484342,1.591358,0.149899,0.034270,0.002350,-0.088861,0.000649,-0.003836,-0.087027,-0.037965,-0.003420,1.497813,0.018897TIME: 31.44 - SYSTEM: Plan 8
3.848230,3.656142,1.457680,0.228511,-0.151891,-0.002791,0.174280,0.100804,-0.035117,-0.180210,0.154480,-0.102999,1.503832,0.0087493.836440,3.658617,1.450073,0.187233,-0.142869,-0.022922,0.124167,0.104448,-0.052653,-0.090006,0.116315,-0.039907,1.509876,0.0146083.799765,3.665341,1.431475,0.132976,-0.136171,-0.044368,0.121780,0.092809,-0.041886,-0.003497,0.093453,0.006474,1.518999,0.0205543.737311,3.673685,1.404219,0.087132,-0.136666,-0.056520,0.155106,0.077604,-0.018199,0.051203,0.094938,0.018941,1.530404,0.0241334.419325,3.510725,1.504170,-0.023475,0.042872,-0.057932,-0.109412,-0.015416,0.004316,0.015448,-0.044497,0.028776,1.533323,0.0246734.377340,3.521030,1.499446,0.102176,-0.007537,0.004445,0.324544,0.036573,0.021697,0.763154,0.060377,0.059305,1.517993,-0.0118854.476408,3.522436,1.505091,0.297401,0.013472,0.018822,0.380142,0.041485,0.030829,-0.213441,-0.015997,-0.003956,1.502269,-0.0066994.662439,3.533568,1.517877,0.419855,0.028948,0.030895,0.072052,0.017328,0.014605,-0.724991,-0.057726,-0.042067,1.491083,0.0038504.865859,3.548880,1.534168,0.363661,0.029597,0.032250,-0.285380,-0.014532,-0.009171,-0.610248,-0.057960,-0.043924,1.483657,0.0093505.003700,3.560802,1.548383,0.177485,0.016258,0.023344,-0.415046,-0.036528,-0.024483,-0.053094,-0.030612,-0.019955,1.472428,-0.0045834.856252,3.566386,1.534949,0.163544,-0.012486,0.006628,0.563561,0.038347,0.032379,1.352290,0.052957,0.088052,1.464964,-0.0391825.021743,3.565514,1.543509,0.504279,0.009407,0.029031,0.665304,0.044250,0.050758,-0.368503,-0.010099,0.006531,1.453242,-0.0197235.338754,3.575089,1.563947,0.714519,0.027023,0.051078,0.105427,0.023007,0.032959,-1.324118,-0.052965,-0.052140,1.455118,0.0098475.680738,3.590158,1.592286,0.599236,0.030462,0.059418,-0.545053,-0.009773,-0.000422,-1.106306,-0.062769,-0.065564,1.469543,0.0311355.897631,3.602913,1.620696,0.252268,0.018223,0.051975,-0.759251,-0.037456,-0.027258,-0.040202,-0.043421,-0.040951,1.473476,-0.0104925.849521,3.602582,1.616238,0.031383,-0.003025,-0.000810,0.114240,0.001772,-0.004055,0.277545,-0.003069,-0.009633,1.473810,-0.0114225.882463,3.601220,1.615187,0.102426,-0.002566,-0.003582,0.144101,0.000074,-0.006380,-0.052543,-0.003077,-0.001486,1.475102,-0.0058155.948547,3.599880,1.612621,0.153273,-0.002926,-0.006572,0.045324,-0.001461,-0.005137,-0.240886,-0.002565,0.004278,1.479499,0.0003376.025577,3.598175,1.608799,0.144430,-0.004019,-0.008487,-0.077877,-0.002885,-0.002444,-0.215630,-0.002407,0.005438,1.486413,0.0044936.084981,3.595745,1.604345,0.089102,-0.005821,-0.009166,-0.128943,-0.004302,-0.000475,-0.033847,-0.002360,0.002932,1.489903,-0.007647TIME: 33.59 - SYSTEM: Plan 9
4.986018,3.517194,1.466543,0.433504,0.027088,-0.007277,0.049225,0.030064,-0.038723,0.229827,0.087408,-0.099403,1.476989,-0.0336714.947710,3.518216,1.456632,0.311019,0.028072,-0.032966,-0.044389,0.029996,-0.057697,0.706339,0.085182,-0.004700,1.458560,-0.0367094.845670,3.519672,1.433342,0.195285,0.028720,-0.057435,0.062151,0.028738,-0.036575,1.018625,0.083083,0.058207,1.439529,-0.0368954.703298,3.521246,1.401330,0.154874,0.028440,-0.066790,0.234245,0.026300,-0.001687,1.045120,0.081039,0.065013,1.420718,-0.0361595.628447,3.599002,1.501196,-0.178328,-0.004486,-0.070311,-0.014540,-0.009381,0.020831,0.097255,-0.008650,0.032204,1.409600,-0.0253675.587601,3.591491,1.496771,0.099954,0.006561,-0.003219,0.166098,0.010394,-0.016032,0.313825,0.012965,-0.040966,1.411417,-0.0443485.660715,3.596085,1.492617,0.191698,0.011517,-0.014028,0.164622,0.007337,-0.024087,-0.153105,-0.014273,-0.001693,1.404647,-0.0307085.771304,3.602311,1.482807,0.236102,0.012337,-0.024471,-0.003193,-0.004851,-0.015741,-0.376596,-0.025657,0.023827,1.406247,-0.0133655.881026,3.607291,1.469147,0.187557,0.006414,-0.029059,-0.183866,-0.018592,-0.002630,-0.301995,-0.023932,0.024504,1.415074,-0.0012695.947711,3.607689,1.454642,0.074188,-0.005714,-0.028478,-0.247304,-0.029168,0.003450,-0.021976,-0.015655,0.005410,1.416057,-0.0304065.906898,3.602834,1.455040,0.069236,0.002116,-0.003213,0.163607,-0.001530,-0.015937,0.358976,-0.011429,-0.040851,1.419281,-0.0326845.965794,3.603473,1.450848,0.169013,0.000019,-0.014345,0.201798,-0.006543,-0.025822,-0.070391,-0.007796,-0.006439,1.421274,-0.0204316.071385,3.602518,1.440541,0.241880,-0.004086,-0.026398,0.071194,-0.009545,-0.020486,-0.319239,-0.003904,0.018277,1.430304,-0.0062556.194137,3.599197,1.425246,0.235003,-0.009355,-0.033774,-0.095801,-0.011382,-0.008627,-0.296528,-0.002382,0.024034,1.445182,0.0034606.295129,3.593027,1.407722,0.162413,-0.015469,-0.035539,-0.176820,-0.013041,0.000789,-0.075429,-0.002415,0.014620,1.452626,-0.0232496.270137,3.591467,1.409286,0.038242,0.001343,-0.000359,0.114691,0.001649,-0.001805,0.269290,0.001126,-0.004581,1.453972,-0.0215046.306432,3.592332,1.408809,0.108743,0.002049,-0.001652,0.141825,0.000892,-0.003092,-0.055978,-0.002555,-0.001184,1.456930,-0.0145786.375342,3.593387,1.407593,0.158219,0.001979,-0.003195,0.042378,-0.001315,-0.002886,-0.241018,-0.004637,0.001258,1.463451,-0.0077756.454487,3.594100,1.405666,0.147978,0.000643,-0.004441,-0.080472,-0.004024,-0.002061,-0.214587,-0.004874,0.001783,1.472732,-0.0032506.515334,3.593817,1.403216,0.091321,-0.001969,-0.005313,-0.131822,-0.006293,-0.001494,-0.034952,-0.003463,0.000855,1.477807,-0.017856TIME: 35.76 - SYSTEM: Plan 10
6.067935,3.574400,1.272097,0.389053,0.013406,-0.018655,-0.265489,0.007302,0.040194,-11.040808,0.223747,-2.248094,1.470552,-0.0110276.062965,3.575449,1.269111,0.384154,0.014683,-0.020648,-0.229154,0.006546,0.050031,-11.176794,0.218533,-2.245151,1.466060,-0.0059746.057202,3.576943,1.266288,0.380311,0.015016,-0.018306,-0.258980,0.003711,0.056510,-11.289170,0.215506,-2.255638,1.464918,0.0011776.044504,3.578195,1.265212,0.355312,0.013627,-0.014127,-0.304007,-0.000197,0.057438,-11.277002,0.214240,-2.265715,1.466815,0.0063366.446258,3.597258,1.390609,0.008936,-0.003644,-0.001650,-0.200778,-0.014778,0.003476,-0.002525,-0.010069,-0.007979,1.469851,-0.0198666.412622,3.595809,1.373749,0.004563,0.004655,-0.011452,0.013166,0.011040,-0.018433,0.720495,0.014780,0.060228,1.461573,-0.0433646.427148,3.599550,1.366912,0.068232,0.010027,-0.013687,0.196303,0.008195,0.007957,0.153097,-0.014536,0.042615,1.451101,-0.0346526.484666,3.605131,1.361638,0.154145,0.011224,-0.006706,0.113294,-0.004218,0.016913,-0.293394,-0.026152,0.003998,1.446843,-0.0210456.568624,3.609623,1.360289,0.166285,0.005555,0.000849,-0.067449,-0.018208,0.011798,-0.344541,-0.024374,-0.015822,1.447983,-0.0123496.637908,3.609631,1.361800,0.102700,-0.006432,0.004373,-0.167510,-0.028975,0.002146,-0.104031,-0.015964,-0.018568,1.443331,-0.0337416.565840,3.605119,1.343905,0.037312,0.002332,-0.013274,0.171479,-0.004668,-0.013891,1.371851,-0.030456,0.110127,1.441115,-0.0495526.624674,3.605117,1.337582,0.221431,-0.003383,-0.008347,0.468293,-0.017168,0.029821,0.148929,-0.018477,0.064976,1.438760,-0.0241786.787799,3.600965,1.337882,0.407812,-0.013718,0.010116,0.208095,-0.023150,0.038311,-0.765509,-0.006185,-0.008419,1.451965,0.0080556.999639,3.591073,1.347180,0.402665,-0.026104,0.025566,-0.228680,-0.026096,0.020859,-0.804350,-0.003300,-0.043566,1.478583,0.0304997.160435,3.574614,1.361620,0.224595,-0.040082,0.030296,-0.432362,-0.029969,-0.001512,-0.161974,-0.006599,-0.039956,1.490682,-0.0234767.098865,3.575425,1.354581,0.023427,0.003506,-0.004332,0.110590,0.010804,-0.000645,0.658191,0.020380,0.056950,1.487662,-0.0277717.132872,3.578717,1.353300,0.122073,0.009716,0.000777,0.233673,0.011920,0.018408,0.020124,-0.006792,0.024028,1.487621,-0.0190687.219079,3.584748,1.356155,0.209335,0.013579,0.010533,0.082891,0.002387,0.017700,-0.412111,-0.022370,-0.013495,1.493500,-0.0063097.324756,3.591309,1.363197,0.194539,0.011589,0.016597,-0.139422,-0.010311,0.005637,-0.398169,-0.023138,-0.026278,1.504825,0.0029637.398958,3.595379,1.371691,0.094913,0.003927,0.016453,-0.231924,-0.019461,-0.005471,-0.057131,-0.012902,-0.017566,1.510192,-0.019212TIME: 40.4 - SYSTEM: Plan 11
6.658087,3.588015,1.249018,0.386811,-0.004455,-0.003186,0.175307,0.015992,0.016005,7.910790,0.609310,-0.603570,1.503935,-0.0073886.659306,3.588663,1.249297,0.360923,-0.003863,-0.001859,0.119174,0.013363,0.016969,7.995443,0.605169,-0.616169,1.500701,-0.0046176.642550,3.589225,1.250120,0.319035,-0.004864,-0.001436,0.111487,0.009941,0.012806,8.086448,0.605099,-0.623886,1.499308,-0.0006856.605495,3.588876,1.250558,0.282426,-0.007436,-0.003439,0.136525,0.007252,0.008027,8.131598,0.607231,-0.621834,1.499537,0.0020117.282116,3.594290,1.368993,-0.019646,-0.001810,0.012123,-0.250075,-0.026470,-0.012654,0.011399,-0.013268,-0.015921,1.502270,-0.0214097.249494,3.594417,1.353181,0.149937,0.005449,-0.008988,0.345483,0.017468,-0.034839,0.392351,0.007773,-0.061253,1.492039,-0.0502717.368870,3.599182,1.343672,0.320975,0.012950,-0.029509,0.280457,0.010169,-0.041485,-0.362386,-0.023299,0.012051,1.478225,-0.0428867.553191,3.606313,1.324394,0.390124,0.014229,-0.045801,-0.023620,-0.005530,-0.020791,-0.643572,-0.030901,0.050777,1.469976,-0.0304827.732189,3.612070,1.300009,0.301202,0.007503,-0.049526,-0.316809,-0.020844,0.005437,-0.474787,-0.025656,0.046972,1.466461,-0.0230997.836993,3.612715,1.276624,0.111000,-0.005817,-0.043024,-0.406945,-0.031497,0.017736,-0.008305,-0.014977,0.011324,1.458514,-0.0398497.785086,3.611340,1.273784,0.094071,0.001162,-0.006355,0.249513,0.000599,-0.026172,0.371541,-0.018682,-0.051899,1.457416,-0.0495847.866216,3.611621,1.266647,0.229924,-0.000732,-0.022982,0.251550,-0.007688,-0.036320,-0.174390,-0.013136,-0.001647,1.454251,-0.0401218.005990,3.610077,1.250882,0.312437,-0.005786,-0.039146,0.059466,-0.011810,-0.025912,-0.435222,-0.004366,0.029966,1.457054,-0.0276188.160357,3.605637,1.228798,0.287043,-0.012071,-0.047660,-0.154211,-0.012989,-0.007807,-0.365820,-0.000333,0.035451,1.465105,-0.0187958.279194,3.597954,1.204639,0.181133,-0.018708,-0.047831,-0.245789,-0.013528,0.005933,-0.069433,-0.000304,0.020860,1.468373,-0.0373108.242077,3.598910,1.205779,0.055327,0.008822,-0.001110,0.170207,0.041078,-0.002993,0.308379,0.095987,-0.000309,1.436954,-0.1312368.293962,3.609689,1.204869,0.153451,0.035642,-0.002457,0.190936,0.058620,-0.002187,-0.093199,0.000340,0.002403,1.370888,-0.1795718.390302,3.634217,1.203417,0.220790,0.060485,-0.003252,0.063084,0.036013,-0.001020,-0.301236,-0.062222,0.002106,1.288486,-0.2021788.502045,3.667462,1.201698,0.213319,0.069344,-0.003574,-0.089178,-0.001019,-0.000364,-0.265802,-0.070822,0.000866,1.197339,-0.2159758.593576,3.700737,1.199868,0.147079,0.061538,-0.003760,-0.159361,-0.027466,-0.000494,-0.061209,-0.037750,-0.000644,1.137941,-0.116256TIME: 42.58 - SYSTEM: Plan 12
7.858760,3.562402,1.064452,0.481083,0.047414,-0.001815,-0.037471,0.120503,0.025805,-0.771209,-0.237312,0.074129,1.124738,0.0616227.849435,3.557736,1.064677,0.446232,0.032561,-0.001401,-0.078734,0.101857,0.025969,-0.707655,-0.207495,0.073760,1.138151,0.0691707.818973,3.543989,1.065121,0.399458,0.012460,-0.000963,-0.085333,0.099388,0.025894,-0.643651,-0.177737,0.073288,1.155291,0.0761287.765591,3.520473,1.065761,0.357009,-0.005425,-0.000643,-0.062895,0.109948,0.025486,-0.596099,-0.156907,0.072638,1.175358,0.0810598.421478,3.626135,1.200115,-0.007788,-0.005241,-0.002265,-0.186675,-0.038354,-0.000858,0.028477,0.000690,-0.002263,1.208277,-0.0982918.377095,3.623727,1.180380,0.099185,0.023673,0.002912,0.139136,0.051991,0.008791,0.396908,0.090219,0.007711,1.158709,-0.1917908.448181,3.642874,1.182947,0.187667,0.053088,0.007185,0.176953,0.056084,0.007056,-0.087008,-0.032578,-0.008415,1.097359,-0.2064808.559569,3.674982,1.187164,0.245600,0.071577,0.009089,0.036356,0.012851,0.000119,-0.336346,-0.100902,-0.014654,1.029139,-0.2189078.679483,3.710115,1.191400,0.219323,0.064429,0.007213,-0.137827,-0.040584,-0.007449,-0.305497,-0.094770,-0.013147,0.952833,-0.2360498.767058,3.735656,1.193822,0.123659,0.035164,0.002027,-0.227447,-0.071726,-0.012821,-0.090932,-0.036874,-0.007690,0.896176,-0.1698808.712865,3.726955,1.182909,0.070149,0.029746,0.001935,0.142165,0.109067,0.006299,0.388380,0.255167,0.007518,0.900225,-0.2013248.769343,3.758302,1.184694,0.157035,0.097941,0.005105,0.165877,0.140767,0.005325,-0.119330,-0.037603,-0.006208,0.875817,-0.2023338.864005,3.822538,1.187727,0.210097,0.152457,0.006606,0.033159,0.066304,0.000388,-0.300764,-0.184649,-0.010349,0.850370,-0.2048388.966432,3.902747,1.190853,0.186048,0.159523,0.005458,-0.126920,-0.038009,-0.004836,-0.284191,-0.193041,-0.008996,0.820519,-0.2163839.039291,3.974559,1.192810,0.099330,0.122661,0.002079,-0.202224,-0.099758,-0.008323,-0.063673,-0.073816,-0.004796,0.798187,-0.1884858.900300,3.921188,1.174345,0.082971,0.031577,0.004184,0.059172,0.091041,0.015069,0.191113,0.190643,0.023871,0.763024,-0.4051948.951219,3.950991,1.178434,0.121922,0.090853,0.011899,0.078613,0.132090,0.012563,-0.038732,0.015827,-0.017910,0.675987,-0.2873299.024261,4.013066,1.185486,0.178243,0.157353,0.015289,0.167109,0.131003,0.000622,0.238269,-0.018843,-0.023735,0.499273,-0.6098429.135074,4.104616,1.192692,0.261202,0.198215,0.012524,0.129963,0.010618,-0.011351,-0.212729,-0.311248,-0.020594,0.232008,-0.7068999.276282,4.199389,1.197185,0.291254,0.171065,0.004884,-0.014863,-0.107485,-0.018169,-0.290156,-0.170157,-0.007974,0.046567,-0.418062TIME: 45.58 - SYSTEM: Plan 13
8.655540,3.394177,1.064027,0.421159,-0.006247,-0.016542,0.072096,0.225299,-0.025520,-0.808440,-0.543365,-0.219123,0.023889,0.1363998.693593,3.403572,1.059263,0.392952,0.004217,-0.022014,-0.015387,0.201948,-0.035049,-0.998972,-0.612516,-0.270532,0.073939,0.0720028.703971,3.416589,1.050953,0.307268,0.014072,-0.028184,-0.144020,0.242758,-0.017362,-1.015267,-0.415924,-0.177279,0.177395,0.2610708.661502,3.442506,1.043875,0.201104,0.059730,-0.012905,-0.052793,0.332337,0.049696,-0.433970,-0.379593,-0.092347,0.332923,0.3150239.108263,4.138221,1.155501,0.056286,0.285139,0.041894,-0.044665,0.041954,0.072238,-0.086224,-0.244106,-0.024204,0.509607,-0.1410989.050325,3.987748,1.133631,0.098005,0.038184,-0.013111,0.038137,0.156626,-0.037109,0.124386,0.330656,-0.055485,0.369812,-0.1931689.104516,4.029613,1.122108,0.116822,0.130650,-0.032549,0.019401,0.179977,-0.033568,-0.106534,-0.095238,0.035905,0.312997,-0.2349439.161822,4.112797,1.102888,0.104016,0.189803,-0.041298,-0.077505,0.039147,0.001509,-0.205093,-0.332725,0.076834,0.232882,-0.2812529.199863,4.205363,1.083958,0.040037,0.166270,-0.031589,-0.173591,-0.128798,0.035275,-0.153705,-0.290423,0.053509,0.129354,-0.3255479.195880,4.268156,1.073086,-0.059112,0.079144,-0.011693,-0.212297,-0.200566,0.038890,-0.022185,-0.051444,-0.015897,0.056746,-0.2124539.152007,4.169348,1.070503,0.051179,0.035512,-0.007244,-0.000048,0.157275,-0.020101,0.014798,0.363481,-0.029041,0.043747,-0.1971439.177371,4.210228,1.064167,0.049182,0.129371,-0.017962,-0.011910,0.181396,-0.019258,-0.037741,-0.107642,0.016235,0.037157,-0.2012929.199467,4.292844,1.053350,0.037022,0.188842,-0.023915,-0.037381,0.040323,-0.003151,-0.048870,-0.327945,0.035663,0.027852,-0.2070589.212257,4.385198,1.041730,0.012129,0.166642,-0.021175,-0.061101,-0.124610,0.013344,-0.037799,-0.284823,0.027248,0.015782,-0.2121399.209874,4.448929,1.033107,-0.023185,0.083057,-0.013088,-0.079000,-0.190049,0.016532,-0.025947,-0.037903,-0.004289,0.010801,-0.1888379.197868,4.419561,1.033601,0.012393,0.023516,-0.002396,-0.004713,0.111385,-0.007747,-0.008229,0.275814,-0.014015,0.009147,-0.1846649.203329,4.448924,1.031263,0.009203,0.098251,-0.007126,-0.007687,0.166694,-0.009994,-0.003919,0.013924,0.000877,0.008057,-0.1853009.206882,4.517420,1.026559,0.004839,0.170588,-0.011367,-0.009680,0.108984,-0.006292,-0.003075,-0.165762,0.009824,0.006704,-0.1857389.207994,4.612293,1.020316,-0.000617,0.200350,-0.013144,-0.012234,0.008433,-0.000808,-0.004710,-0.194446,0.010310,0.005379,-0.1854289.206002,4.710037,1.013815,-0.007694,0.184675,-0.012583,-0.016238,-0.063602,0.002575,-0.007491,-0.102942,0.004394,0.006033,-0.179819TIME: 47.62 - SYSTEM: Plan 14
9.169271,4.232047,0.873060,-0.298892,0.526073,0.014509,-1.438514,0.297084,0.125824,-3.591206,1.238184,0.372096,-0.082735,-0.1745678.802420,4.367642,0.892818,-1.223439,0.847106,0.063187,-1.952174,0.464491,0.152835,0.481429,-0.249486,0.169479,-0.189394,-0.2224277.985545,4.656857,0.936462,-1.962813,1.091158,0.103188,-0.835123,0.040274,0.097793,2.925967,-1.131135,0.045409,-0.317829,-0.2611486.967975,5.004737,0.991683,-1.998155,1.072732,0.107915,0.658535,-0.509296,0.021733,2.763031,-1.043411,0.048648,-0.460646,-0.2830326.091977,5.763161,1.177864,-1.451181,0.612147,0.071756,1.336053,-0.602442,-0.064543,0.572191,-0.266871,-0.034752,-0.519192,-0.2787319.169271,4.232047,0.873060,0.000000,0.000000,0.000000,0.000000,0.000000,0.000000,0.000000,0.000000,0.000000,-0.082735,0.0000008.802420,4.367642,0.892818,0.000000,0.000000,0.000000,0.000000,0.000000,0.000000,0.000000,0.000000,0.000000,-0.189394,0.0000007.985545,4.656857,0.936462,0.000000,0.000000,0.000000,0.000000,0.000000,0.000000,0.000000,0.000000,0.000000,-0.317829,0.0000006.967975,5.004737,0.991683,0.000000,0.000000,0.000000,0.000000,0.000000,0.000000,0.000000,0.000000,0.000000,-0.460646,0.0000006.091977,5.763161,1.177864,0.000000,0.000000,0.000000,0.000000,0.000000,0.000000,0.000000,0.000000,0.000000,-0.519192,0.0000009.169271,4.232047,0.873060,0.000000,0.000000,0.000000,0.000000,0.000000,0.000000,0.000000,0.000000,0.000000,-0.082735,0.0000008.802420,4.367642,0.892818,0.000000,0.000000,0.000000,0.000000,0.000000,0.000000,0.000000,0.000000,0.000000,-0.189394,0.0000007.985545,4.656857,0.936462,0.000000,0.000000,0.000000,0.000000,0.000000,0.000000,0.000000,0.000000,0.000000,-0.317829,0.0000006.967975,5.004737,0.991683,0.000000,0.000000,0.000000,0.000000,0.000000,0.000000,0.000000,0.000000,0.000000,-0.460646,0.0000006.091977,5.763161,1.177864,0.000000,0.000000,0.000000,0.000000,0.000000,0.000000,0.000000,0.000000,0.000000,-0.519192,0.0000009.169271,4.232047,0.873060,0.000000,0.000000,0.000000,0.000000,0.000000,0.000000,0.000000,0.000000,0.000000,-0.082735,0.0000008.802420,4.367642,0.892818,0.000000,0.000000,0.000000,0.000000,0.000000,0.000000,0.000000,0.000000,0.000000,-0.189394,0.0000007.985545,4.656857,0.936462,0.000000,0.000000,0.000000,0.000000,0.000000,0.000000,0.000000,0.000000,0.000000,-0.317829,0.0000006.967975,5.004737,0.991683,0.000000,0.000000,0.000000,0.000000,0.000000,0.000000,0.000000,0.000000,0.000000,-0.460646,0.0000006.091977,5.763161,1.177864,0.000000,0.000000,0.000000,0.000000,0.000000,0.000000,0.000000,0.000000,0.000000,-0.519192,0.000000TIME: 52.26 - SYSTEM: Plan 15
9.195233,4.735957,1.035745,-0.034185,0.228883,0.004659,0.482986,-0.085001,-0.146093,2.083606,-0.457871,-0.409976,-0.488852,0.0828139.398560,4.694424,1.014279,0.521323,0.098478,-0.051892,1.005717,-0.255065,-0.195691,0.441935,-0.256162,-0.242457,-0.435517,0.1049949.911550,4.571420,0.961729,1.141142,-0.086346,-0.113286,0.775073,-0.300106,-0.169230,-0.811948,-0.011602,-0.116800,-0.372291,0.12235910.685190,4.355710,0.883793,1.532349,-0.261856,-0.150425,0.157402,-0.220755,-0.105575,-1.250271,0.206090,-0.077180,-0.302260,0.1332018.584795,5.061548,0.930980,0.382295,-0.032437,-0.107317,1.147868,-0.709421,-0.044905,-0.482674,0.122290,0.064287,-0.256451,-0.2074178.659435,5.037358,0.948854,-0.007712,0.068709,0.009776,0.169745,0.127629,0.051138,0.555940,0.295787,0.171786,-0.317241,-0.2388978.683410,5.090814,0.962304,0.109883,0.147252,0.046359,0.253936,0.158760,0.081598,-0.038053,-0.058616,-0.000419,-0.359535,-0.2674018.765842,5.180881,0.994569,0.207260,0.203678,0.079132,0.110900,0.051971,0.041318,-0.367641,-0.260268,-0.108873,-0.418658,-0.3017168.874970,5.283367,1.036768,0.212338,0.194541,0.084477,-0.088722,-0.086593,-0.019853,-0.361023,-0.247709,-0.112946,-0.494604,-0.3330008.964078,5.365812,1.074696,0.134682,0.129085,0.064404,-0.203409,-0.161795,-0.054496,-0.133768,-0.081968,-0.039385,-0.543053,-0.2366278.966886,5.346968,1.073768,-0.018754,0.026931,0.003499,-0.033314,0.072609,0.018092,-0.051616,0.177462,0.058022,-0.550049,-0.2498238.952926,5.371840,1.078596,-0.037021,0.075235,0.016869,-0.033905,0.106947,0.031355,0.023415,0.005586,0.007434,-0.565347,-0.2590918.931098,5.421777,1.090751,-0.047968,0.121024,0.030926,-0.007119,0.067296,0.022071,0.061070,-0.111822,-0.029222,-0.585092,-0.2672568.907436,5.487969,1.108230,-0.044423,0.137903,0.037389,0.019734,-0.000909,0.003273,0.043264,-0.131849,-0.037222,-0.607757,-0.2715498.888094,5.554400,1.126647,-0.032803,0.123611,0.035057,0.022383,-0.051416,-0.011318,-0.012789,-0.073712,-0.021858,-0.619727,-0.2381428.891147,5.535845,1.125435,-0.023205,0.026556,0.010192,-0.071500,0.087264,0.050915,-0.159116,0.217679,0.139288,-0.622976,-0.2492558.868855,5.562893,1.138790,-0.067302,0.084944,0.045533,-0.090347,0.129617,0.080242,0.026098,0.007597,0.010977,-0.635092,-0.2565258.825604,5.620328,1.170956,-0.100966,0.140588,0.080798,-0.036284,0.082190,0.054066,0.133826,-0.134164,-0.077518,-0.650849,-0.2633738.773496,5.697630,1.216202,-0.101734,0.161747,0.096143,0.031643,0.001245,0.006408,0.119342,-0.155939,-0.092773,-0.669181,-0.2673388.728229,5.775858,1.263409,-0.077251,0.146360,0.089815,0.058024,-0.056759,-0.028175,0.014872,-0.082863,-0.049819,-0.678601,-0.239298TIME: 54.31 - SYSTEM: Plan 16
6.416712,6.247915,1.177256,-0.601990,0.380852,0.015684,-1.049712,0.329054,0.025556,-7.355036,1.138827,-0.211228,-0.734483,-0.0464576.078697,6.344716,1.188253,-1.352903,0.577869,0.042939,-1.025431,0.322973,0.030615,-2.434407,-0.172870,-0.391512,-0.765676,-0.0668715.455441,6.515904,1.210248,-1.597172,0.639245,0.054105,0.768270,-0.158330,-0.031688,-0.040417,-0.820130,-0.486082,-0.807319,-0.0867734.952275,6.652629,1.229214,-0.878293,0.441123,0.030700,2.548422,-0.640589,-0.097464,-1.231606,-0.510096,-0.449887,-0.856589,-0.0987117.067322,6.227839,1.310768,0.614293,-0.057250,0.062048,2.522057,-0.739335,-0.115583,-0.849790,0.131141,-0.024541,-0.845210,-0.2444566.416712,6.247915,1.177256,0.000000,0.000000,0.000000,0.000000,0.000000,0.000000,0.000000,0.000000,0.000000,-0.734483,0.0000006.078697,6.344716,1.188253,0.000000,0.000000,0.000000,0.000000,0.000000,0.000000,0.000000,0.000000,0.000000,-0.765676,0.0000005.455441,6.515904,1.210248,0.000000,0.000000,0.000000,0.000000,0.000000,0.000000,0.000000,0.000000,0.000000,-0.807319,0.0000004.952275,6.652629,1.229214,0.000000,0.000000,0.000000,0.000000,0.000000,0.000000,0.000000,0.000000,0.000000,-0.856589,0.0000007.067322,6.227839,1.310768,0.000000,0.000000,0.000000,0.000000,0.000000,0.000000,0.000000,0.000000,0.000000,-0.845210,0.0000006.416712,6.247915,1.177256,0.000000,0.000000,0.000000,0.000000,0.000000,0.000000,0.000000,0.000000,0.000000,-0.734483,0.0000006.078697,6.344716,1.188253,0.000000,0.000000,0.000000,0.000000,0.000000,0.000000,0.000000,0.000000,0.000000,-0.765676,0.0000005.455441,6.515904,1.210248,0.000000,0.000000,0.000000,0.000000,0.000000,0.000000,0.000000,0.000000,0.000000,-0.807319,0.0000004.952275,6.652629,1.229214,0.000000,0.000000,0.000000,0.000000,0.000000,0.000000,0.000000,0.000000,0.000000,-0.856589,0.0000007.067322,6.227839,1.310768,0.000000,0.000000,0.000000,0.000000,0.000000,0.000000,0.000000,0.000000,0.000000,-0.845210,0.0000006.416712,6.247915,1.177256,0.000000,0.000000,0.000000,0.000000,0.000000,0.000000,0.000000,0.000000,0.000000,-0.734483,0.0000006.078697,6.344716,1.188253,0.000000,0.000000,0.000000,0.000000,0.000000,0.000000,0.000000,0.000000,0.000000,-0.765676,0.0000005.455441,6.515904,1.210248,0.000000,0.000000,0.000000,0.000000,0.000000,0.000000,0.000000,0.000000,0.000000,-0.807319,0.0000004.952275,6.652629,1.229214,0.000000,0.000000,0.000000,0.000000,0.000000,0.000000,0.000000,0.000000,0.000000,-0.856589,0.0000007.067322,6.227839,1.310768,0.000000,0.000000,0.000000,0.000000,0.000000,0.000000,0.000000,0.000000,0.000000,-0.845210,0.000000TIME: 60.17 - SYSTEM: Plan 17
6.336864,6.713624,1.177230,0.062588,0.113304,-0.002753,-0.065949,0.009989,-0.032573,-0.976278,2.006223,-0.116301,-0.799083,0.1334276.293889,6.774592,1.169919,-0.063275,0.271165,-0.022792,-0.225593,0.136549,-0.054712,-0.771635,1.464309,-0.072402,-0.717146,0.1685836.172915,6.919631,1.150780,-0.239163,0.429974,-0.048152,-0.264668,0.028291,-0.054276,-0.540436,1.089206,-0.032081,-0.618651,0.1986635.964098,7.125004,1.119777,-0.404916,0.504800,-0.068909,-0.188257,-0.175499,-0.037655,-0.340441,1.012749,-0.007868,-0.507531,0.2198946.390961,6.879281,1.209533,-0.005606,0.363889,-0.021827,2.324913,-0.828642,-0.120393,-0.466327,-0.110432,0.023158,-0.434306,-0.1373916.390961,6.879281,1.209533,-0.000000,0.000000,-0.000000,0.000000,-0.000000,-0.000000,-0.000000,-0.000000,0.000000,-0.434306,-0.1373916.390961,6.879281,1.209533,-0.000000,0.000000,-0.000000,0.000000,-0.000000,-0.000000,-0.000000,-0.000000,0.000000,-0.434306,-0.1373916.390961,6.879281,1.209533,-0.000000,0.000000,-0.000000,0.000000,-0.000000,-0.000000,-0.000000,-0.000000,0.000000,-0.434306,-0.1373916.390961,6.879281,1.209533,-0.000000,0.000000,-0.000000,0.000000,-0.000000,-0.000000,-0.000000,-0.000000,0.000000,-0.434306,-0.1373916.390961,6.879281,1.209533,-0.000000,0.000000,-0.000000,0.000000,-0.000000,-0.000000,-0.000000,-0.000000,0.000000,-0.434306,-0.1373916.390961,6.879281,1.209533,-0.000000,0.000000,-0.000000,0.000000,-0.000000,-0.000000,-0.000000,-0.000000,0.000000,-0.434306,-0.1373916.390961,6.879281,1.209533,-0.000000,0.000000,-0.000000,0.000000,-0.000000,-0.000000,-0.000000,-0.000000,0.000000,-0.434306,-0.1373916.390961,6.879281,1.209533,-0.000000,0.000000,-0.000000,0.000000,-0.000000,-0.000000,-0.000000,-0.000000,0.000000,-0.434306,-0.1373916.390961,6.879281,1.209533,-0.000000,0.000000,-0.000000,0.000000,-0.000000,-0.000000,-0.000000,-0.000000,0.000000,-0.434306,-0.1373916.390961,6.879281,1.209533,-0.000000,0.000000,-0.000000,0.000000,-0.000000,-0.000000,-0.000000,-0.000000,0.000000,-0.434306,-0.1373916.390961,6.879281,1.209533,-0.000000,0.000000,-0.000000,0.000000,-0.000000,-0.000000,-0.000000,-0.000000,0.000000,-0.434306,-0.1373916.390961,6.879281,1.209533,-0.000000,0.000000,-0.000000,0.000000,-0.000000,-0.000000,-0.000000,-0.000000,0.000000,-0.434306,-0.1373916.390961,6.879281,1.209533,-0.000000,0.000000,-0.000000,0.000000,-0.000000,-0.000000,-0.000000,-0.000000,0.000000,-0.434306,-0.1373916.390961,6.879281,1.209533,-0.000000,0.000000,-0.000000,0.000000,-0.000000,-0.000000,-0.000000,-0.000000,0.000000,-0.434306,-0.1373916.390961,6.879281,1.209533,-0.000000,0.000000,-0.000000,0.000000,-0.000000,-0.000000,-0.000000,-0.000000,0.000000,-0.434306,-0.137391TIME: 65.62 - SYSTEM: Plan 18
6.759302,6.459179,1.078259,-0.219460,0.279368,0.012260,0.195045,0.230982,0.098626,0.519180,-0.142870,0.248655,-0.423024,0.0815376.787251,6.520464,1.101777,-0.102598,0.387172,0.072610,0.253765,0.291020,0.133709,-0.007892,-0.636060,-0.006601,-0.366051,0.0971196.871372,6.633890,1.155071,-0.011377,0.471511,0.122867,0.112397,0.153831,0.066904,-0.295606,-0.931259,-0.159208,-0.300259,0.1147686.979952,6.768625,1.223218,-0.008182,0.468454,0.129969,-0.074303,-0.034899,-0.026747,-0.278475,-0.926969,-0.157847,-0.224115,0.1358156.744255,7.257729,1.397951,0.138064,0.178953,0.104672,-0.187544,-0.206411,-0.083351,-0.112742,-0.121742,-0.056285,-0.149839,-0.0347536.724334,7.097890,1.323310,-0.035773,0.097373,0.015356,0.118023,0.189487,0.081200,0.289174,0.510729,0.203232,-0.182221,0.0935256.724451,7.175742,1.343405,0.038908,0.217910,0.066822,0.154979,0.245305,0.106385,-0.038694,-0.093741,-0.029679,-0.132008,0.0577476.760699,7.309615,1.388081,0.098850,0.301730,0.106158,0.072382,0.064130,0.041099,-0.205091,-0.442212,-0.162049,-0.090382,0.0512356.814471,7.458597,1.442686,0.106685,0.274392,0.105053,-0.040286,-0.169697,-0.044145,-0.205148,-0.414696,-0.151814,-0.048954,0.0540296.858941,7.568000,1.487350,0.064447,0.153330,0.070166,-0.121188,-0.290951,-0.086493,-0.116874,-0.123114,-0.040943,-0.019973,0.0162866.839817,7.483300,1.452216,-0.026185,0.042930,0.006057,-0.021085,0.105003,0.031884,-0.059486,0.278617,0.079937,-0.042638,0.0604986.823150,7.521152,1.460196,-0.041875,0.111440,0.026802,-0.038148,0.145041,0.044405,-0.016105,-0.026436,-0.004937,-0.027822,0.0344476.797429,7.592444,1.478490,-0.060604,0.166252,0.044393,-0.033877,0.059893,0.021914,0.020895,-0.217407,-0.058660,-0.019569,0.0287966.763409,7.678053,1.502068,-0.074347,0.165976,0.047156,-0.020587,-0.060316,-0.010768,0.027840,-0.219342,-0.060147,-0.012991,0.0268396.724080,7.749918,1.523316,-0.082338,0.115917,0.036296,-0.012741,-0.128399,-0.029566,0.010168,-0.077308,-0.021896,-0.009012,0.0202756.839817,7.483300,1.452216,0.000000,0.000000,0.000000,0.000000,0.000000,0.000000,0.000000,0.000000,0.000000,-0.042638,0.0000006.823150,7.521152,1.460196,0.000000,0.000000,0.000000,0.000000,0.000000,0.000000,0.000000,0.000000,0.000000,-0.027822,0.0000006.797429,7.592444,1.478490,0.000000,0.000000,0.000000,0.000000,0.000000,0.000000,0.000000,0.000000,0.000000,-0.019569,0.0000006.763409,7.678053,1.502068,0.000000,0.000000,0.000000,0.000000,0.000000,0.000000,0.000000,0.000000,0.000000,-0.012991,0.0000006.724080,7.749918,1.523316,0.000000,0.000000,0.000000,0.000000,0.000000,0.000000,0.000000,0.000000,0.000000,-0.009012,0.000000TIME: 67.79 - SYSTEM: Plan 19
6.551130,7.146485,1.384982,0.124931,0.330727,-0.009240,-0.153522,0.111778,-0.078377,-0.379592,-0.526409,-0.201406,0.010348,0.0674576.539158,7.169871,1.373482,0.074158,0.299714,-0.033251,-0.134619,0.061226,-0.084429,-0.034418,-0.460914,-0.109993,0.044303,0.0818486.510077,7.172779,1.350887,0.066118,0.251421,-0.050734,0.001368,0.041625,-0.055725,0.114277,-0.406692,-0.060177,0.084742,0.0933006.494499,7.150036,1.323650,0.126010,0.198713,-0.051508,0.115665,0.041446,-0.022366,-0.014805,-0.378747,-0.071554,0.129357,0.0995516.667492,7.621254,1.411163,0.021321,-0.027496,-0.012651,0.134634,-0.202513,0.001200,-0.141407,-0.043799,-0.015458,0.156447,0.0495936.656442,7.547354,1.405971,0.050326,0.114018,0.007627,0.104381,0.129470,0.055772,0.333037,0.270728,0.187969,0.110488,0.0165706.698572,7.622385,1.419016,0.121815,0.184747,0.046760,0.153195,0.120802,0.085134,-0.027886,-0.150664,-0.010606,0.093744,0.0000276.775970,7.724478,1.451562,0.179998,0.210487,0.078975,0.064703,-0.030973,0.034734,-0.226054,-0.333722,-0.130631,0.069162,-0.0142626.868776,7.818726,1.492412,0.180376,0.152697,0.078397,-0.063048,-0.194314,-0.036397,-0.235382,-0.274287,-0.128592,0.037336,-0.0279876.946701,7.866616,1.525033,0.123649,0.032973,0.049050,-0.155117,-0.266993,-0.073710,-0.131965,-0.056822,-0.038304,0.013542,0.0025386.935353,7.849421,1.520903,-0.002395,0.015347,0.001536,-0.030661,0.019115,0.009953,-0.070403,0.041044,0.031410,0.012739,0.0019476.929389,7.859996,1.523375,-0.022550,0.027485,0.008972,-0.044605,0.026066,0.017726,-0.003035,-0.001553,0.005559,0.012127,0.0009386.912898,7.876655,1.530009,-0.042161,0.038085,0.017194,-0.030521,0.014012,0.013652,0.040511,-0.032246,-0.014094,0.011207,0.0005656.888945,7.896641,1.539935,-0.051704,0.040127,0.021671,-0.007530,-0.006261,0.003845,0.043688,-0.039307,-0.020063,0.010159,0.0003856.862854,7.915146,1.550852,-0.051564,0.032463,0.021250,0.005926,-0.023293,-0.005050,0.016543,-0.026688,-0.014575,0.009480,0.0015556.856189,7.900254,1.546941,0.000333,0.012374,0.001370,-0.013375,0.015927,0.008649,-0.027661,0.034455,0.026887,0.009024,0.0013526.854372,7.908861,1.549098,-0.007855,0.022499,0.007784,-0.016896,0.021745,0.015218,0.003894,-0.001311,0.004528,0.008471,-0.0000126.848598,7.922542,1.554828,-0.014484,0.031340,0.014809,-0.008303,0.011684,0.011589,0.021494,-0.026889,-0.012334,0.007536,-0.0004176.840764,7.939001,1.563353,-0.015999,0.033052,0.018565,0.001860,-0.005172,0.003096,0.017363,-0.032642,-0.017306,0.006477,-0.0005716.833183,7.954240,1.572682,-0.014181,0.026736,0.018115,0.003884,-0.019144,-0.004459,-0.002322,-0.021720,-0.012252,0.005792,0.000599TIME: 69.83 - SYSTEM: Plan 20
6.736588,7.719450,1.447604,0.076307,0.205167,0.010264,-0.056414,-0.136969,-0.012769,-0.045754,0.062918,-0.029923,0.006179,-0.0000786.735245,7.724322,1.448994,0.069947,0.208736,0.013488,-0.057073,-0.135997,-0.012193,-0.013719,0.023228,-0.052664,0.006185,-0.0000456.731194,7.730363,1.451655,0.066396,0.208560,0.014630,-0.046604,-0.150489,-0.020211,0.000934,0.000827,-0.064829,0.006209,-0.0000076.726743,7.734250,1.453767,0.068174,0.199918,0.011260,-0.037742,-0.167824,-0.028992,-0.010234,0.004240,-0.060978,0.006249,0.0000176.817444,7.960474,1.573298,-0.017893,0.012895,0.013136,0.007333,-0.052404,-0.017619,-0.018143,-0.027680,-0.010926,0.005886,0.0005676.736588,7.719450,1.447604,0.000000,0.000000,0.000000,0.000000,0.000000,0.000000,0.000000,0.000000,0.000000,0.006179,0.0000006.735245,7.724322,1.448994,0.000000,0.000000,0.000000,0.000000,0.000000,0.000000,0.000000,0.000000,0.000000,0.006185,0.0000006.731194,7.730363,1.451655,0.000000,0.000000,0.000000,0.000000,0.000000,0.000000,0.000000,0.000000,0.000000,0.006209,0.0000006.726743,7.734250,1.453767,0.000000,0.000000,0.000000,0.000000,0.000000,0.000000,0.000000,0.000000,0.000000,0.006249,0.0000006.817444,7.960474,1.573298,0.000000,0.000000,0.000000,0.000000,0.000000,0.000000,0.000000,0.000000,0.000000,0.005886,0.0000006.736588,7.719450,1.447604,0.000000,0.000000,0.000000,0.000000,0.000000,0.000000,0.000000,0.000000,0.000000,0.006179,0.0000006.735245,7.724322,1.448994,0.000000,0.000000,0.000000,0.000000,0.000000,0.000000,0.000000,0.000000,0.000000,0.006185,0.0000006.731194,7.730363,1.451655,0.000000,0.000000,0.000000,0.000000,0.000000,0.000000,0.000000,0.000000,0.000000,0.006209,0.0000006.726743,7.734250,1.453767,0.000000,0.000000,0.000000,0.000000,0.000000,0.000000,0.000000,0.000000,0.000000,0.006249,0.0000006.817444,7.960474,1.573298,0.000000,0.000000,0.000000,0.000000,0.000000,0.000000,0.000000,0.000000,0.000000,0.005886,0.0000006.736588,7.719450,1.447604,0.000000,0.000000,0.000000,0.000000,0.000000,0.000000,0.000000,0.000000,0.000000,0.006179,0.0000006.735245,7.724322,1.448994,0.000000,0.000000,0.000000,0.000000,0.000000,0.000000,0.000000,0.000000,0.000000,0.006185,0.0000006.731194,7.730363,1.451655,0.000000,0.000000,0.000000,0.000000,0.000000,0.000000,0.000000,0.000000,0.000000,0.006209,0.0000006.726743,7.734250,1.453767,0.000000,0.000000,0.000000,0.000000,0.000000,0.000000,0.000000,0.000000,0.000000,0.006249,0.0000006.817444,7.960474,1.573298,0.000000,0.000000,0.000000,0.000000,0.000000,0.000000,0.000000,0.000000,0.000000,0.005886,0.000000TIME: 74.38 - SYSTEM: Plan 21
6.797621,7.899745,1.431540,-0.000588,0.028389,0.038599,0.023877,0.044690,-0.021461,0.497477,0.485653,1.107002,0.005827,0.0008986.799148,7.908512,1.438987,0.000179,0.043104,0.047383,0.024121,0.041807,-0.033160,0.536925,0.413978,1.059831,0.005750,0.0009176.801751,7.922962,1.448659,0.004770,0.048827,0.046508,0.037234,0.011468,-0.057141,0.552650,0.374908,1.049586,0.005696,0.0009766.808177,7.935974,1.454944,0.014713,0.036827,0.034285,0.042144,-0.025906,-0.076358,0.523770,0.375730,1.067761,0.005667,0.0010176.837430,7.995049,1.582283,0.008188,0.001600,-0.000665,0.005599,-0.114862,-0.051790,-0.074244,-0.059011,-0.002586,0.005644,0.0003926.797621,7.899745,1.431540,0.000000,0.000000,0.000000,0.000000,0.000000,0.000000,0.000000,0.000000,0.000000,0.005827,0.0000006.799148,7.908512,1.438987,0.000000,0.000000,0.000000,0.000000,0.000000,0.000000,0.000000,0.000000,0.000000,0.005750,0.0000006.801751,7.922962,1.448659,0.000000,0.000000,0.000000,0.000000,0.000000,0.000000,0.000000,0.000000,0.000000,0.005696,0.0000006.808177,7.935974,1.454944,0.000000,0.000000,0.000000,0.000000,0.000000,0.000000,0.000000,0.000000,0.000000,0.005667,0.0000006.837430,7.995049,1.582283,0.000000,0.000000,0.000000,0.000000,0.000000,0.000000,0.000000,0.000000,0.000000,0.005644,0.0000006.797621,7.899745,1.431540,0.000000,0.000000,0.000000,0.000000,0.000000,0.000000,0.000000,0.000000,0.000000,0.005827,0.0000006.799148,7.908512,1.438987,0.000000,0.000000,0.000000,0.000000,0.000000,0.000000,0.000000,0.000000,0.000000,0.005750,0.0000006.801751,7.922962,1.448659,0.000000,0.000000,0.000000,0.000000,0.000000,0.000000,0.000000,0.000000,0.000000,0.005696,0.0000006.808177,7.935974,1.454944,0.000000,0.000000,0.000000,0.000000,0.000000,0.000000,0.000000,0.000000,0.000000,0.005667,0.0000006.837430,7.995049,1.582283,0.000000,0.000000,0.000000,0.000000,0.000000,0.000000,0.000000,0.000000,0.000000,0.005644,0.0000006.797621,7.899745,1.431540,0.000000,0.000000,0.000000,0.000000,0.000000,0.000000,0.000000,0.000000,0.000000,0.005827,0.0000006.799148,7.908512,1.438987,0.000000,0.000000,0.000000,0.000000,0.000000,0.000000,0.000000,0.000000,0.000000,0.005750,0.0000006.801751,7.922962,1.448659,0.000000,0.000000,0.000000,0.000000,0.000000,0.000000,0.000000,0.000000,0.000000,0.005696,0.0000006.808177,7.935974,1.454944,0.000000,0.000000,0.000000,0.000000,0.000000,0.000000,0.000000,0.000000,0.000000,0.005667,0.0000006.837430,7.995049,1.582283,0.000000,0.000000,0.000000,0.000000,0.000000,0.000000,0.000000,0.000000,0.000000,0.005644,0.000000TIME: 80.26 - SYSTEM: Plan 22
6.819175,7.949490,1.438996,0.038401,0.007770,0.031110,0.130938,-0.067427,-0.047067,0.334291,-0.190989,0.047235,0.153924,0.4315556.852671,7.931237,1.440192,0.122123,-0.039838,0.033461,0.177148,-0.095851,-0.044636,-0.035331,0.011733,0.034750,0.419286,0.5504376.926833,7.889433,1.442624,0.188699,-0.079652,0.035607,0.074690,-0.043068,-0.047531,-0.258923,0.133698,0.026375,0.738902,0.6470687.018735,7.835774,1.445645,0.190308,-0.085960,0.035661,-0.064353,0.027850,-0.052442,-0.249490,0.124073,0.025021,1.095193,0.7040317.117312,7.828712,1.585805,0.132772,-0.085340,0.003045,-0.129640,-0.058201,-0.055555,-0.138423,-0.036182,-0.007538,1.315965,0.2804857.117312,7.828712,1.585805,0.000000,-0.000000,0.000000,-0.000000,-0.000000,-0.000000,-0.000000,-0.000000,-0.000000,1.315965,0.2804857.117312,7.828712,1.585805,0.000000,-0.000000,0.000000,-0.000000,-0.000000,-0.000000,-0.000000,-0.000000,-0.000000,1.315965,0.2804857.117312,7.828712,1.585805,0.000000,-0.000000,0.000000,-0.000000,-0.000000,-0.000000,-0.000000,-0.000000,-0.000000,1.315965,0.2804857.117312,7.828712,1.585805,0.000000,-0.000000,0.000000,-0.000000,-0.000000,-0.000000,-0.000000,-0.000000,-0.000000,1.315965,0.2804857.117312,7.828712,1.585805,0.000000,-0.000000,0.000000,-0.000000,-0.000000,-0.000000,-0.000000,-0.000000,-0.000000,1.315965,0.2804857.117312,7.828712,1.585805,0.000000,-0.000000,0.000000,-0.000000,-0.000000,-0.000000,-0.000000,-0.000000,-0.000000,1.315965,0.2804857.117312,7.828712,1.585805,0.000000,-0.000000,0.000000,-0.000000,-0.000000,-0.000000,-0.000000,-0.000000,-0.000000,1.315965,0.2804857.117312,7.828712,1.585805,0.000000,-0.000000,0.000000,-0.000000,-0.000000,-0.000000,-0.000000,-0.000000,-0.000000,1.315965,0.2804857.117312,7.828712,1.585805,0.000000,-0.000000,0.000000,-0.000000,-0.000000,-0.000000,-0.000000,-0.000000,-0.000000,1.315965,0.2804857.117312,7.828712,1.585805,0.000000,-0.000000,0.000000,-0.000000,-0.000000,-0.000000,-0.000000,-0.000000,-0.000000,1.315965,0.2804857.117312,7.828712,1.585805,0.000000,-0.000000,0.000000,-0.000000,-0.000000,-0.000000,-0.000000,-0.000000,-0.000000,1.315965,0.2804857.117312,7.828712,1.585805,0.000000,-0.000000,0.000000,-0.000000,-0.000000,-0.000000,-0.000000,-0.000000,-0.000000,1.315965,0.2804857.117312,7.828712,1.585805,0.000000,-0.000000,0.000000,-0.000000,-0.000000,-0.000000,-0.000000,-0.000000,-0.000000,1.315965,0.2804857.117312,7.828712,1.585805,0.000000,-0.000000,0.000000,-0.000000,-0.000000,-0.000000,-0.000000,-0.000000,-0.000000,1.315965,0.2804857.117312,7.828712,1.585805,0.000000,-0.000000,0.000000,-0.000000,-0.000000,-0.000000,-0.000000,-0.000000,-0.000000,1.315965,0.280485TIME: 84.9 - SYSTEM: Plan 23
6.987072,7.879837,1.454331,0.151005,-0.071729,0.003293,0.100227,-0.055872,0.002703,1.302707,-0.931780,-0.102584,1.414671,0.1504907.031581,7.853985,1.456114,0.232340,-0.122942,0.008879,0.118916,-0.079943,0.008155,0.917039,-0.747680,-0.133623,1.511314,0.2046447.112330,7.802902,1.460775,0.284634,-0.166742,0.013733,0.000565,-0.032907,0.000731,0.732091,-0.643686,-0.153475,1.640190,0.2705957.202381,7.736955,1.466655,0.267966,-0.181475,0.013388,-0.139975,0.027010,-0.011272,0.762690,-0.658504,-0.156144,1.801381,0.3306727.390930,7.620516,1.582873,0.093045,-0.130618,0.005169,-0.175651,0.016304,-0.016130,-0.078072,-0.002218,-0.013935,1.861268,0.3594427.362465,7.639092,1.571780,0.028181,-0.020082,0.000703,0.079156,-0.069953,0.004857,0.168286,-0.152739,0.019719,1.833068,0.3723027.388092,7.618184,1.572994,0.075073,-0.066213,0.004439,0.091585,-0.103557,0.008571,-0.047161,-0.014792,0.000575,1.861189,0.3873017.434942,7.572671,1.576169,0.106749,-0.113668,0.007881,0.027503,-0.079275,0.004256,-0.150502,0.076000,-0.011918,1.898152,0.4053197.488438,7.507766,1.580346,0.100648,-0.142062,0.008195,-0.050326,-0.033352,-0.003115,-0.137031,0.090917,-0.014074,1.943294,0.4198387.530187,7.434103,1.583776,0.062729,-0.150053,0.005019,-0.094353,-0.002403,-0.009173,-0.051343,0.043527,-0.009314,1.966073,0.3471137.522017,7.440726,1.581314,0.011734,-0.011886,0.000147,0.044718,-0.052259,0.001032,0.107230,-0.128393,0.004246,1.960173,0.3569587.534913,7.426321,1.581578,0.041561,-0.048445,0.000997,0.066527,-0.085739,0.002091,0.006149,-0.026441,0.000794,1.971276,0.3642867.563454,7.391520,1.582326,0.070629,-0.089501,0.001936,0.044414,-0.072351,0.001439,-0.064083,0.051840,-0.002162,1.986041,0.3711717.602717,7.339151,1.583413,0.083007,-0.116777,0.002275,0.004211,-0.034793,-0.000157,-0.078794,0.079271,-0.003265,2.003216,0.3746347.643261,7.278011,1.584462,0.076572,-0.124674,0.001789,-0.027345,0.001724,-0.001727,-0.047873,0.062694,-0.002623,2.011988,0.3483427.633825,7.286976,1.582009,0.018170,-0.016549,0.000308,0.076500,-0.075268,0.001824,0.188963,-0.187587,0.006283,2.009079,0.3694537.654832,7.266612,1.582481,0.068390,-0.068380,0.001699,0.109103,-0.119119,0.003317,-0.004128,-0.025431,0.000959,2.027161,0.3799997.701342,7.218085,1.583725,0.113236,-0.123149,0.003180,0.060932,-0.090975,0.002280,-0.129380,0.091690,-0.003302,2.050215,0.3890367.762551,7.147510,1.585510,0.125198,-0.154108,0.003766,-0.013302,-0.030904,-0.000023,-0.139273,0.121122,-0.004648,2.076263,0.3930897.821145,7.068908,1.587299,0.105330,-0.156263,0.003204,-0.059712,0.018687,-0.002114,-0.058978,0.078195,-0.003386,2.089640,0.354052TIME: 89.45 - SYSTEM: Plan 24
7.323379,7.514291,1.457862,0.291141,-0.313730,0.011039,0.233197,-0.092727,0.035021,-0.229665,0.129417,0.138562,2.163721,0.0634547.354742,7.484140,1.460286,0.333267,-0.357384,0.014428,0.204913,-0.087631,0.033407,-0.595895,0.447385,0.123532,2.198531,0.0965237.397377,7.438333,1.463929,0.325154,-0.366868,0.015485,0.048609,0.029885,0.026335,-0.762866,0.597674,0.116215,2.250485,0.1295027.415480,7.403443,1.467149,0.236873,-0.314829,0.012690,-0.093997,0.139709,0.018735,-0.644603,0.503383,0.118463,2.314063,0.1461857.848918,6.980368,1.588518,-0.045303,-0.102065,0.001914,-0.302772,0.167983,-0.014956,0.042299,-0.019852,-0.006558,2.288028,0.3424037.323379,7.514291,1.457862,0.000000,0.000000,0.000000,0.000000,0.000000,0.000000,0.000000,0.000000,0.000000,2.163721,0.0000007.354742,7.484140,1.460286,0.000000,0.000000,0.000000,0.000000,0.000000,0.000000,0.000000,0.000000,0.000000,2.198531,0.0000007.397377,7.438333,1.463929,0.000000,0.000000,0.000000,0.000000,0.000000,0.000000,0.000000,0.000000,0.000000,2.250485,0.0000007.415480,7.403443,1.467149,0.000000,0.000000,0.000000,0.000000,0.000000,0.000000,0.000000,0.000000,0.000000,2.314063,0.0000007.848918,6.980368,1.588518,0.000000,0.000000,0.000000,0.000000,0.000000,0.000000,0.000000,0.000000,0.000000,2.288028,0.0000007.323379,7.514291,1.457862,0.000000,0.000000,0.000000,0.000000,0.000000,0.000000,0.000000,0.000000,0.000000,2.163721,0.0000007.354742,7.484140,1.460286,0.000000,0.000000,0.000000,0.000000,0.000000,0.000000,0.000000,0.000000,0.000000,2.198531,0.0000007.397377,7.438333,1.463929,0.000000,0.000000,0.000000,0.000000,0.000000,0.000000,0.000000,0.000000,0.000000,2.250485,0.0000007.415480,7.403443,1.467149,0.000000,0.000000,0.000000,0.000000,0.000000,0.000000,0.000000,0.000000,0.000000,2.314063,0.0000007.848918,6.980368,1.588518,0.000000,0.000000,0.000000,0.000000,0.000000,0.000000,0.000000,0.000000,0.000000,2.288028,0.0000007.323379,7.514291,1.457862,0.000000,0.000000,0.000000,0.000000,0.000000,0.000000,0.000000,0.000000,0.000000,2.163721,0.0000007.354742,7.484140,1.460286,0.000000,0.000000,0.000000,0.000000,0.000000,0.000000,0.000000,0.000000,0.000000,2.198531,0.0000007.397377,7.438333,1.463929,0.000000,0.000000,0.000000,0.000000,0.000000,0.000000,0.000000,0.000000,0.000000,2.250485,0.0000007.415480,7.403443,1.467149,0.000000,0.000000,0.000000,0.000000,0.000000,0.000000,0.000000,0.000000,0.000000,2.314063,0.0000007.848918,6.980368,1.588518,0.000000,0.000000,0.000000,0.000000,0.000000,0.000000,0.000000,0.000000,0.000000,2.288028,0.000000TIME: 91.5 - SYSTEM: Plan 25
7.814219,7.044129,1.449657,-0.016274,-0.013719,0.050173,-0.120874,0.084994,0.083380,-0.339537,0.223432,0.427560,2.105147,-0.5288937.780142,7.067241,1.480638,-0.103066,0.049445,0.129836,-0.170938,0.143731,0.144331,0.037039,0.037140,0.140060,1.781047,-0.6610647.703438,7.125508,1.553360,-0.173802,0.119293,0.207009,-0.069019,0.115381,0.081204,0.266138,-0.109144,-0.056493,1.402890,-0.7503367.607010,7.212743,1.654081,-0.179879,0.161615,0.237857,0.068055,0.041277,-0.027507,0.250694,-0.162042,-0.085315,0.996844,-0.7851567.552423,7.251619,1.895331,-0.187452,0.097472,0.196221,-0.177294,0.135589,-0.083211,0.089141,-0.144016,-0.111112,0.749551,0.0227067.814219,7.044129,1.449657,0.000000,0.000000,0.000000,0.000000,0.000000,0.000000,0.000000,0.000000,0.000000,2.105147,0.0000007.780142,7.067241,1.480638,0.000000,0.000000,0.000000,0.000000,0.000000,0.000000,0.000000,0.000000,0.000000,1.781047,0.0000007.703438,7.125508,1.553360,0.000000,0.000000,0.000000,0.000000,0.000000,0.000000,0.000000,0.000000,0.000000,1.402890,0.0000007.607010,7.212743,1.654081,0.000000,0.000000,0.000000,0.000000,0.000000,0.000000,0.000000,0.000000,0.000000,0.996844,0.0000007.552423,7.251619,1.895331,0.000000,0.000000,0.000000,0.000000,0.000000,0.000000,0.000000,0.000000,0.000000,0.749551,0.0000007.814219,7.044129,1.449657,0.000000,0.000000,0.000000,0.000000,0.000000,0.000000,0.000000,0.000000,0.000000,2.105147,0.0000007.780142,7.067241,1.480638,0.000000,0.000000,0.000000,0.000000,0.000000,0.000000,0.000000,0.000000,0.000000,1.781047,0.0000007.703438,7.125508,1.553360,0.000000,0.000000,0.000000,0.000000,0.000000,0.000000,0.000000,0.000000,0.000000,1.402890,0.0000007.607010,7.212743,1.654081,0.000000,0.000000,0.000000,0.000000,0.000000,0.000000,0.000000,0.000000,0.000000,0.996844,0.0000007.552423,7.251619,1.895331,0.000000,0.000000,0.000000,0.000000,0.000000,0.000000,0.000000,0.000000,0.000000,0.749551,0.0000007.814219,7.044129,1.449657,0.000000,0.000000,0.000000,0.000000,0.000000,0.000000,0.000000,0.000000,0.000000,2.105147,0.0000007.780142,7.067241,1.480638,0.000000,0.000000,0.000000,0.000000,0.000000,0.000000,0.000000,0.000000,0.000000,1.781047,0.0000007.703438,7.125508,1.553360,0.000000,0.000000,0.000000,0.000000,0.000000,0.000000,0.000000,0.000000,0.000000,1.402890,0.0000007.607010,7.212743,1.654081,0.000000,0.000000,0.000000,0.000000,0.000000,0.000000,0.000000,0.000000,0.000000,0.996844,0.0000007.552423,7.251619,1.895331,0.000000,0.000000,0.000000,0.000000,0.000000,0.000000,0.000000,0.000000,0.000000,0.749551,0.000000TIME: 96.04 - SYSTEM: Plan 26
7.655962,7.155527,1.761767,-0.102753,0.083907,0.017785,0.047325,-0.024737,0.015083,-0.022060,-0.041363,0.055262,0.659873,-0.2621037.647707,7.160652,1.771513,-0.116452,0.093086,0.039967,0.069673,-0.028211,0.011401,0.164813,-0.121209,-0.108718,0.501337,-0.3280057.638479,7.168545,1.789020,-0.101605,0.092513,0.043915,0.151911,-0.060345,-0.050850,0.235560,-0.159886,-0.187355,0.315593,-0.3733127.646981,7.171889,1.800156,-0.047516,0.074927,0.014924,0.215059,-0.091813,-0.110926,0.149697,-0.138887,-0.142530,0.115780,-0.3908227.584957,7.258081,1.921789,-0.068823,0.063630,0.149027,-0.057636,0.077157,-0.170135,-0.015645,-0.125766,-0.070966,-0.004166,-0.1260417.655962,7.155527,1.761767,0.000000,0.000000,0.000000,0.000000,0.000000,0.000000,0.000000,0.000000,0.000000,0.659873,0.0000007.647707,7.160652,1.771513,0.000000,0.000000,0.000000,0.000000,0.000000,0.000000,0.000000,0.000000,0.000000,0.501337,0.0000007.638479,7.168545,1.789020,0.000000,0.000000,0.000000,0.000000,0.000000,0.000000,0.000000,0.000000,0.000000,0.315593,0.0000007.646981,7.171889,1.800156,0.000000,0.000000,0.000000,0.000000,0.000000,0.000000,0.000000,0.000000,0.000000,0.115780,0.0000007.584957,7.258081,1.921789,0.000000,0.000000,0.000000,0.000000,0.000000,0.000000,0.000000,0.000000,0.000000,-0.004166,0.0000007.655962,7.155527,1.761767,0.000000,0.000000,0.000000,0.000000,0.000000,0.000000,0.000000,0.000000,0.000000,0.659873,0.0000007.647707,7.160652,1.771513,0.000000,0.000000,0.000000,0.000000,0.000000,0.000000,0.000000,0.000000,0.000000,0.501337,0.0000007.638479,7.168545,1.789020,0.000000,0.000000,0.000000,0.000000,0.000000,0.000000,0.000000,0.000000,0.000000,0.315593,0.0000007.646981,7.171889,1.800156,0.000000,0.000000,0.000000,0.000000,0.000000,0.000000,0.000000,0.000000,0.000000,0.115780,0.0000007.584957,7.258081,1.921789,0.000000,0.000000,0.000000,0.000000,0.000000,0.000000,0.000000,0.000000,0.000000,-0.004166,0.0000007.655962,7.155527,1.761767,0.000000,0.000000,0.000000,0.000000,0.000000,0.000000,0.000000,0.000000,0.000000,0.659873,0.0000007.647707,7.160652,1.771513,0.000000,0.000000,0.000000,0.000000,0.000000,0.000000,0.000000,0.000000,0.000000,0.501337,0.0000007.638479,7.168545,1.789020,0.000000,0.000000,0.000000,0.000000,0.000000,0.000000,0.000000,0.000000,0.000000,0.315593,0.0000007.646981,7.171889,1.800156,0.000000,0.000000,0.000000,0.000000,0.000000,0.000000,0.000000,0.000000,0.000000,0.115780,0.0000007.584957,7.258081,1.921789,0.000000,0.000000,0.000000,0.000000,0.000000,0.000000,0.000000,0.000000,0.000000,-0.004166,0.000000TIME: 101.9 - SYSTEM: Plan 27
7.597128,7.230687,1.767621,0.005468,0.010704,0.020735,0.000008,0.068972,0.004098,-0.040132,0.273270,0.913601,0.045001,-0.4570347.599792,7.246021,1.749614,0.014150,0.049085,-0.033338,0.017772,0.089966,-0.059457,-0.029818,0.106092,1.048295,0.045981,-0.4544987.609028,7.279996,1.699558,0.031477,0.079556,-0.101585,0.032808,0.042705,-0.053933,-0.042549,0.002471,1.171017,0.047604,-0.4539387.628275,7.321994,1.618287,0.052911,0.079838,-0.154478,0.032554,-0.022310,-0.002945,-0.077519,0.004546,1.235207,0.049477,-0.4534967.645758,7.385136,1.666268,-0.001769,0.116988,-0.065062,-0.037569,0.009094,-0.177490,-0.071756,-0.156870,0.054582,0.001562,-0.1177397.645758,7.385136,1.666268,-0.000000,0.000000,-0.000000,-0.000000,0.000000,-0.000000,-0.000000,-0.000000,0.000000,0.001562,-0.1177397.645758,7.385136,1.666268,-0.000000,0.000000,-0.000000,-0.000000,0.000000,-0.000000,-0.000000,-0.000000,0.000000,0.001562,-0.1177397.645758,7.385136,1.666268,-0.000000,0.000000,-0.000000,-0.000000,0.000000,-0.000000,-0.000000,-0.000000,0.000000,0.001562,-0.1177397.645758,7.385136,1.666268,-0.000000,0.000000,-0.000000,-0.000000,0.000000,-0.000000,-0.000000,-0.000000,0.000000,0.001562,-0.1177397.645758,7.385136,1.666268,-0.000000,0.000000,-0.000000,-0.000000,0.000000,-0.000000,-0.000000,-0.000000,0.000000,0.001562,-0.1177397.645758,7.385136,1.666268,-0.000000,0.000000,-0.000000,-0.000000,0.000000,-0.000000,-0.000000,-0.000000,0.000000,0.001562,-0.1177397.645758,7.385136,1.666268,-0.000000,0.000000,-0.000000,-0.000000,0.000000,-0.000000,-0.000000,-0.000000,0.000000,0.001562,-0.1177397.645758,7.385136,1.666268,-0.000000,0.000000,-0.000000,-0.000000,0.000000,-0.000000,-0.000000,-0.000000,0.000000,0.001562,-0.1177397.645758,7.385136,1.666268,-0.000000,0.000000,-0.000000,-0.000000,0.000000,-0.000000,-0.000000,-0.000000,0.000000,0.001562,-0.1177397.645758,7.385136,1.666268,-0.000000,0.000000,-0.000000,-0.000000,0.000000,-0.000000,-0.000000,-0.000000,0.000000,0.001562,-0.1177397.645758,7.385136,1.666268,-0.000000,0.000000,-0.000000,-0.000000,0.000000,-0.000000,-0.000000,-0.000000,0.000000,0.001562,-0.1177397.645758,7.385136,1.666268,-0.000000,0.000000,-0.000000,-0.000000,0.000000,-0.000000,-0.000000,-0.000000,0.000000,0.001562,-0.1177397.645758,7.385136,1.666268,-0.000000,0.000000,-0.000000,-0.000000,0.000000,-0.000000,-0.000000,-0.000000,0.000000,0.001562,-0.1177397.645758,7.385136,1.666268,-0.000000,0.000000,-0.000000,-0.000000,0.000000,-0.000000,-0.000000,-0.000000,0.000000,0.001562,-0.1177397.645758,7.385136,1.666268,-0.000000,0.000000,-0.000000,-0.000000,0.000000,-0.000000,-0.000000,-0.000000,0.000000,0.001562,-0.117739TIME: 106.5 - SYSTEM: Plan 28
7.627408,7.329531,1.538231,-0.005629,0.041333,0.016335,-0.099691,-0.046369,0.161914,-0.386360,-0.561000,-0.266069,-0.096299,-0.2261757.605114,7.328697,1.567344,-0.061889,0.038592,0.093143,-0.126806,-0.035274,0.214829,-0.145305,-0.577381,-0.593289,-0.232211,-0.2778957.555609,7.327356,1.635204,-0.107129,0.038076,0.160003,-0.065249,-0.038418,0.132234,-0.020959,-0.607402,-0.801978,-0.398448,-0.3395417.492427,7.324726,1.723455,-0.115926,0.032208,0.171639,0.006870,-0.056096,0.009947,-0.051517,-0.631373,-0.808269,-0.597201,-0.4024417.446055,7.365453,1.914954,-0.112566,-0.026060,0.138084,0.033104,-0.047461,-0.106620,-0.012054,-0.048535,-0.078236,-0.713939,-0.2814017.627408,7.329531,1.538231,0.000000,0.000000,0.000000,0.000000,0.000000,0.000000,0.000000,0.000000,0.000000,-0.096299,0.0000007.605114,7.328697,1.567344,0.000000,0.000000,0.000000,0.000000,0.000000,0.000000,0.000000,0.000000,0.000000,-0.232211,0.0000007.555609,7.327356,1.635204,0.000000,0.000000,0.000000,0.000000,0.000000,0.000000,0.000000,0.000000,0.000000,-0.398448,0.0000007.492427,7.324726,1.723455,0.000000,0.000000,0.000000,0.000000,0.000000,0.000000,0.000000,0.000000,0.000000,-0.597201,0.0000007.446055,7.365453,1.914954,0.000000,0.000000,0.000000,0.000000,0.000000,0.000000,0.000000,0.000000,0.000000,-0.713939,0.0000007.627408,7.329531,1.538231,0.000000,0.000000,0.000000,0.000000,0.000000,0.000000,0.000000,0.000000,0.000000,-0.096299,0.0000007.605114,7.328697,1.567344,0.000000,0.000000,0.000000,0.000000,0.000000,0.000000,0.000000,0.000000,0.000000,-0.232211,0.0000007.555609,7.327356,1.635204,0.000000,0.000000,0.000000,0.000000,0.000000,0.000000,0.000000,0.000000,0.000000,-0.398448,0.0000007.492427,7.324726,1.723455,0.000000,0.000000,0.000000,0.000000,0.000000,0.000000,0.000000,0.000000,0.000000,-0.597201,0.0000007.446055,7.365453,1.914954,0.000000,0.000000,0.000000,0.000000,0.000000,0.000000,0.000000,0.000000,0.000000,-0.713939,0.0000007.627408,7.329531,1.538231,0.000000,0.000000,0.000000,0.000000,0.000000,0.000000,0.000000,0.000000,0.000000,-0.096299,0.0000007.605114,7.328697,1.567344,0.000000,0.000000,0.000000,0.000000,0.000000,0.000000,0.000000,0.000000,0.000000,-0.232211,0.0000007.555609,7.327356,1.635204,0.000000,0.000000,0.000000,0.000000,0.000000,0.000000,0.000000,0.000000,0.000000,-0.398448,0.0000007.492427,7.324726,1.723455,0.000000,0.000000,0.000000,0.000000,0.000000,0.000000,0.000000,0.000000,0.000000,-0.597201,0.0000007.446055,7.365453,1.914954,0.000000,0.000000,0.000000,0.000000,0.000000,0.000000,0.000000,0.000000,0.000000,-0.713939,0.000000TIME: 111 - SYSTEM: Plan 29
7.525930,7.358894,1.790784,-0.057579,-0.006134,0.141204,0.120034,0.022548,1.311332,-0.717619,0.495583,5.267416,-0.634965,-0.1838697.520097,7.364950,1.924230,-0.056170,0.006243,0.251910,0.160735,0.015821,0.971900,-0.549151,0.467421,5.162754,-0.712490,-0.2170187.522449,7.375778,2.071455,-0.021699,0.011878,0.201956,0.240830,-0.003703,0.693889,-0.524395,0.447129,5.385298,-0.810394,-0.2592777.550989,7.386426,2.164633,0.044533,0.004318,0.048060,0.275951,-0.037260,0.560760,-0.656172,0.421050,5.677117,-0.928802,-0.2971897.548004,7.393495,2.299046,0.063716,-0.031505,0.029667,0.095387,-0.115257,-0.414021,-0.218628,-0.124322,0.099209,-1.093601,-0.2911197.525930,7.358894,1.790784,0.000000,0.000000,0.000000,0.000000,0.000000,0.000000,0.000000,0.000000,0.000000,-0.634965,0.0000007.520097,7.364950,1.924230,0.000000,0.000000,0.000000,0.000000,0.000000,0.000000,0.000000,0.000000,0.000000,-0.712490,0.0000007.522449,7.375778,2.071455,0.000000,0.000000,0.000000,0.000000,0.000000,0.000000,0.000000,0.000000,0.000000,-0.810394,0.0000007.550989,7.386426,2.164633,0.000000,0.000000,0.000000,0.000000,0.000000,0.000000,0.000000,0.000000,0.000000,-0.928802,0.0000007.548004,7.393495,2.299046,0.000000,0.000000,0.000000,0.000000,0.000000,0.000000,0.000000,0.000000,0.000000,-1.093601,0.0000007.525930,7.358894,1.790784,0.000000,0.000000,0.000000,0.000000,0.000000,0.000000,0.000000,0.000000,0.000000,-0.634965,0.0000007.520097,7.364950,1.924230,0.000000,0.000000,0.000000,0.000000,0.000000,0.000000,0.000000,0.000000,0.000000,-0.712490,0.0000007.522449,7.375778,2.071455,0.000000,0.000000,0.000000,0.000000,0.000000,0.000000,0.000000,0.000000,0.000000,-0.810394,0.0000007.550989,7.386426,2.164633,0.000000,0.000000,0.000000,0.000000,0.000000,0.000000,0.000000,0.000000,0.000000,-0.928802,0.0000007.548004,7.393495,2.299046,0.000000,0.000000,0.000000,0.000000,0.000000,0.000000,0.000000,0.000000,0.000000,-1.093601,0.0000007.525930,7.358894,1.790784,0.000000,0.000000,0.000000,0.000000,0.000000,0.000000,0.000000,0.000000,0.000000,-0.634965,0.0000007.520097,7.364950,1.924230,0.000000,0.000000,0.000000,0.000000,0.000000,0.000000,0.000000,0.000000,0.000000,-0.712490,0.0000007.522449,7.375778,2.071455,0.000000,0.000000,0.000000,0.000000,0.000000,0.000000,0.000000,0.000000,0.000000,-0.810394,0.0000007.550989,7.386426,2.164633,0.000000,0.000000,0.000000,0.000000,0.000000,0.000000,0.000000,0.000000,0.000000,-0.928802,0.0000007.548004,7.393495,2.299046,0.000000,0.000000,0.000000,0.000000,0.000000,0.000000,0.000000,0.000000,0.000000,-1.093601,0.000000TIME: 115.6 - SYSTEM: Plan 30
7.521481,7.385560,2.137895,0.020460,0.022123,-0.268523,0.042489,0.098263,-5.450181,-0.047606,8.846219,0.106406,-1.047154,0.8455817.517112,7.392392,2.108765,0.007130,0.029177,-0.287635,0.026194,0.084099,-5.405803,-0.019889,8.841233,0.071618,-1.051113,0.8407517.504624,7.401040,2.074841,-0.010893,0.029721,-0.289297,0.023303,0.073538,-5.380373,0.003533,8.853433,0.035834,-1.057068,0.8374367.483220,7.408860,2.042620,-0.027696,0.026244,-0.281942,0.030422,0.067600,-5.368488,0.019389,8.860574,0.015262,-1.064459,0.8349637.480489,7.424154,2.160047,0.000222,-0.023146,-0.019753,0.078134,-0.126805,-0.381358,-0.184871,-0.128338,0.103790,-1.112736,-0.2895537.521481,7.385560,2.137895,0.000000,0.000000,0.000000,0.000000,0.000000,0.000000,0.000000,0.000000,0.000000,-1.047154,0.0000007.517112,7.392392,2.108765,0.000000,0.000000,0.000000,0.000000,0.000000,0.000000,0.000000,0.000000,0.000000,-1.051113,0.0000007.504624,7.401040,2.074841,0.000000,0.000000,0.000000,0.000000,0.000000,0.000000,0.000000,0.000000,0.000000,-1.057068,0.0000007.483220,7.408860,2.042620,0.000000,0.000000,0.000000,0.000000,0.000000,0.000000,0.000000,0.000000,0.000000,-1.064459,0.0000007.480489,7.424154,2.160047,0.000000,0.000000,0.000000,0.000000,0.000000,0.000000,0.000000,0.000000,0.000000,-1.112736,0.0000007.521481,7.385560,2.137895,0.000000,0.000000,0.000000,0.000000,0.000000,0.000000,0.000000,0.000000,0.000000,-1.047154,0.0000007.517112,7.392392,2.108765,0.000000,0.000000,0.000000,0.000000,0.000000,0.000000,0.000000,0.000000,0.000000,-1.051113,0.0000007.504624,7.401040,2.074841,0.000000,0.000000,0.000000,0.000000,0.000000,0.000000,0.000000,0.000000,0.000000,-1.057068,0.0000007.483220,7.408860,2.042620,0.000000,0.000000,0.000000,0.000000,0.000000,0.000000,0.000000,0.000000,0.000000,-1.064459,0.0000007.480489,7.424154,2.160047,0.000000,0.000000,0.000000,0.000000,0.000000,0.000000,0.000000,0.000000,0.000000,-1.112736,0.0000007.521481,7.385560,2.137895,0.000000,0.000000,0.000000,0.000000,0.000000,0.000000,0.000000,0.000000,0.000000,-1.047154,0.0000007.517112,7.392392,2.108765,0.000000,0.000000,0.000000,0.000000,0.000000,0.000000,0.000000,0.000000,0.000000,-1.051113,0.0000007.504624,7.401040,2.074841,0.000000,0.000000,0.000000,0.000000,0.000000,0.000000,0.000000,0.000000,0.000000,-1.057068,0.0000007.483220,7.408860,2.042620,0.000000,0.000000,0.000000,0.000000,0.000000,0.000000,0.000000,0.000000,0.000000,-1.064459,0.0000007.480489,7.424154,2.160047,0.000000,0.000000,0.000000,0.000000,0.000000,0.000000,0.000000,0.000000,0.000000,-1.112736,0.000000TIME: 120.2 - SYSTEM: Plan 31
7.503592,7.401241,2.018599,-0.018711,0.012848,-0.049687,0.020083,-0.037866,0.714265,0.144666,0.234681,4.692669,-1.095467,0.1508707.501537,7.400780,2.025519,-0.024291,0.011341,-0.041900,0.013792,-0.039582,0.703211,0.160203,0.238159,4.690068,-1.100916,0.1466087.496209,7.399414,2.034994,-0.031249,0.009335,-0.039250,0.014154,-0.039982,0.694512,0.170927,0.240136,4.697814,-1.108751,0.1418577.487615,7.397010,2.044852,-0.037107,0.007190,-0.040112,0.017596,-0.040350,0.688945,0.174202,0.239397,4.702940,-1.118816,0.1378177.453578,7.415980,2.194442,-0.023797,-0.031159,-0.003509,0.070269,-0.130275,-0.382524,-0.175210,-0.128681,0.095680,-1.143690,-0.2905957.503592,7.401241,2.018599,0.000000,0.000000,0.000000,0.000000,0.000000,0.000000,0.000000,0.000000,0.000000,-1.095467,0.0000007.501537,7.400780,2.025519,0.000000,0.000000,0.000000,0.000000,0.000000,0.000000,0.000000,0.000000,0.000000,-1.100916,0.0000007.496209,7.399414,2.034994,0.000000,0.000000,0.000000,0.000000,0.000000,0.000000,0.000000,0.000000,0.000000,-1.108751,0.0000007.487615,7.397010,2.044852,0.000000,0.000000,0.000000,0.000000,0.000000,0.000000,0.000000,0.000000,0.000000,-1.118816,0.0000007.453578,7.415980,2.194442,0.000000,0.000000,0.000000,0.000000,0.000000,0.000000,0.000000,0.000000,0.000000,-1.143690,0.0000007.503592,7.401241,2.018599,0.000000,0.000000,0.000000,0.000000,0.000000,0.000000,0.000000,0.000000,0.000000,-1.095467,0.0000007.501537,7.400780,2.025519,0.000000,0.000000,0.000000,0.000000,0.000000,0.000000,0.000000,0.000000,0.000000,-1.100916,0.0000007.496209,7.399414,2.034994,0.000000,0.000000,0.000000,0.000000,0.000000,0.000000,0.000000,0.000000,0.000000,-1.108751,0.0000007.487615,7.397010,2.044852,0.000000,0.000000,0.000000,0.000000,0.000000,0.000000,0.000000,0.000000,0.000000,-1.118816,0.0000007.453578,7.415980,2.194442,0.000000,0.000000,0.000000,0.000000,0.000000,0.000000,0.000000,0.000000,0.000000,-1.143690,0.0000007.503592,7.401241,2.018599,0.000000,0.000000,0.000000,0.000000,0.000000,0.000000,0.000000,0.000000,0.000000,-1.095467,0.0000007.501537,7.400780,2.025519,0.000000,0.000000,0.000000,0.000000,0.000000,0.000000,0.000000,0.000000,0.000000,-1.100916,0.0000007.496209,7.399414,2.034994,0.000000,0.000000,0.000000,0.000000,0.000000,0.000000,0.000000,0.000000,0.000000,-1.108751,0.0000007.487615,7.397010,2.044852,0.000000,0.000000,0.000000,0.000000,0.000000,0.000000,0.000000,0.000000,0.000000,-1.118816,0.0000007.453578,7.415980,2.194442,0.000000,0.000000,0.000000,0.000000,0.000000,0.000000,0.000000,0.000000,0.000000,-1.143690,0.000000TIME: 124.7 - SYSTEM: Plan 32
7.476016,7.412051,2.048810,-0.010745,-0.000833,-0.030860,0.000639,-0.003079,-2.189528,-0.067882,-0.202206,0.000000,-1.143976,0.0547087.476016,7.412051,2.048810,-0.010745,-0.000833,-0.030860,0.000639,-0.003079,-2.189528,-0.067882,-0.202206,0.000000,-1.143976,0.0547087.476016,7.412051,2.048810,-0.010745,-0.000833,-0.030860,0.000639,-0.003079,-2.189528,-0.067882,-0.202206,0.000000,-1.143976,0.0547087.476016,7.412051,2.048810,-0.010745,-0.000833,-0.030860,0.000639,-0.003079,-2.189528,-0.067882,-0.202206,0.000000,-1.143976,0.0547087.453578,7.415980,2.194442,-0.023797,-0.031159,-0.003509,0.070269,-0.130275,-0.382524,-0.175210,-0.128681,0.095680,-1.143690,-0.2905957.476016,7.412051,2.048810,0.000000,0.000000,0.000000,0.000000,0.000000,0.000000,0.000000,0.000000,0.000000,-1.143976,0.0000007.476016,7.412051,2.048810,0.000000,0.000000,0.000000,0.000000,0.000000,0.000000,0.000000,0.000000,0.000000,-1.143976,0.0000007.476016,7.412051,2.048810,0.000000,0.000000,0.000000,0.000000,0.000000,0.000000,0.000000,0.000000,0.000000,-1.143976,0.0000007.476016,7.412051,2.048810,0.000000,0.000000,0.000000,0.000000,0.000000,0.000000,0.000000,0.000000,0.000000,-1.143976,0.0000007.453578,7.415980,2.194442,0.000000,0.000000,0.000000,0.000000,0.000000,0.000000,0.000000,0.000000,0.000000,-1.143690,0.0000007.476016,7.412051,2.048810,0.000000,0.000000,0.000000,0.000000,0.000000,0.000000,0.000000,0.000000,0.000000,-1.143976,0.0000007.476016,7.412051,2.048810,0.000000,0.000000,0.000000,0.000000,0.000000,0.000000,0.000000,0.000000,0.000000,-1.143976,0.0000007.476016,7.412051,2.048810,0.000000,0.000000,0.000000,0.000000,0.000000,0.000000,0.000000,0.000000,0.000000,-1.143976,0.0000007.476016,7.412051,2.048810,0.000000,0.000000,0.000000,0.000000,0.000000,0.000000,0.000000,0.000000,0.000000,-1.143976,0.0000007.453578,7.415980,2.194442,0.000000,0.000000,0.000000,0.000000,0.000000,0.000000,0.000000,0.000000,0.000000,-1.143690,0.0000007.476016,7.412051,2.048810,0.000000,0.000000,0.000000,0.000000,0.000000,0.000000,0.000000,0.000000,0.000000,-1.143976,0.0000007.476016,7.412051,2.048810,0.000000,0.000000,0.000000,0.000000,0.000000,0.000000,0.000000,0.000000,0.000000,-1.143976,0.0000007.476016,7.412051,2.048810,0.000000,0.000000,0.000000,0.000000,0.000000,0.000000,0.000000,0.000000,0.000000,-1.143976,0.0000007.476016,7.412051,2.048810,0.000000,0.000000,0.000000,0.000000,0.000000,0.000000,0.000000,0.000000,0.000000,-1.143976,0.0000007.453578,7.415980,2.194442,0.000000,0.000000,0.000000,0.000000,0.000000,0.000000,0.000000,0.000000,0.000000,-1.143690,0.000000TIME: 129.3 - SYSTEM: Plan 33
7.463318,7.412633,2.049291,-0.003936,0.001760,-0.028534,0.000248,-0.000524,-1.228865,-0.006733,-0.043317,-11.807862,-1.143597,0.0134557.463318,7.412633,2.049291,-0.003936,0.001760,-0.028534,0.000248,-0.000524,-1.228865,-0.006733,-0.043317,-11.807862,-1.143597,0.0134557.463318,7.412633,2.049291,-0.003936,0.001760,-0.028534,0.000248,-0.000524,-1.228865,-0.006733,-0.043317,-11.807862,-1.143597,0.0134557.463318,7.412633,2.049291,-0.003936,0.001760,-0.028534,0.000248,-0.000524,-1.228865,-0.006733,-0.043317,-11.807862,-1.143597,0.0134557.453578,7.415980,2.194442,-0.023797,-0.031159,-0.003509,0.070269,-0.130275,-0.382524,-0.175210,-0.128681,0.095680,-1.143690,-0.2905957.463318,7.412633,2.049291,0.000000,0.000000,0.000000,0.000000,0.000000,0.000000,0.000000,0.000000,0.000000,-1.143597,0.0000007.463318,7.412633,2.049291,0.000000,0.000000,0.000000,0.000000,0.000000,0.000000,0.000000,0.000000,0.000000,-1.143597,0.0000007.463318,7.412633,2.049291,0.000000,0.000000,0.000000,0.000000,0.000000,0.000000,0.000000,0.000000,0.000000,-1.143597,0.0000007.463318,7.412633,2.049291,0.000000,0.000000,0.000000,0.000000,0.000000,0.000000,0.000000,0.000000,0.000000,-1.143597,0.0000007.453578,7.415980,2.194442,0.000000,0.000000,0.000000,0.000000,0.000000,0.000000,0.000000,0.000000,0.000000,-1.143690,0.0000007.463318,7.412633,2.049291,0.000000,0.000000,0.000000,0.000000,0.000000,0.000000,0.000000,0.000000,0.000000,-1.143597,0.0000007.463318,7.412633,2.049291,0.000000,0.000000,0.000000,0.000000,0.000000,0.000000,0.000000,0.000000,0.000000,-1.143597,0.0000007.463318,7.412633,2.049291,0.000000,0.000000,0.000000,0.000000,0.000000,0.000000,0.000000,0.000000,0.000000,-1.143597,0.0000007.463318,7.412633,2.049291,0.000000,0.000000,0.000000,0.000000,0.000000,0.000000,0.000000,0.000000,0.000000,-1.143597,0.0000007.453578,7.415980,2.194442,0.000000,0.000000,0.000000,0.000000,0.000000,0.000000,0.000000,0.000000,0.000000,-1.143690,0.0000007.463318,7.412633,2.049291,0.000000,0.000000,0.000000,0.000000,0.000000,0.000000,0.000000,0.000000,0.000000,-1.143597,0.0000007.463318,7.412633,2.049291,0.000000,0.000000,0.000000,0.000000,0.000000,0.000000,0.000000,0.000000,0.000000,-1.143597,0.0000007.463318,7.412633,2.049291,0.000000,0.000000,0.000000,0.000000,0.000000,0.000000,0.000000,0.000000,0.000000,-1.143597,0.0000007.463318,7.412633,2.049291,0.000000,0.000000,0.000000,0.000000,0.000000,0.000000,0.000000,0.000000,0.000000,-1.143597,0.0000007.453578,7.415980,2.194442,0.000000,0.000000,0.000000,0.000000,0.000000,0.000000,0.000000,0.000000,0.000000,-1.143690,0.000000TIME: 133.9 - SYSTEM: Plan 34
