0.088872
0.104493
0.008401
0.073424
0.023736
0.036648
0.073654
0.040736
0.009617
0.008692
0.011196
0.007869
0.008788
0.008742
0.009360
0.010450
0.007941
0.009440
0.012069
0.020091
0.014520
0.010699
0.009644
0.011316
0.011307
0.022952
0.069393
0.062931
0.081787
0.009330
0.010522
0.008269
0.009117
0.010228
0.009124
0.013290
0.014715
0.018094
0.023848
0.012651
0.013262
0.010222
0.010466
0.009290
0.016812
0.013227
0.008765
0.009830
0.009439
0.009899
0.021140
0.012126
0.037287
0.010243
0.011066
0.011111
0.007996
0.009187
0.009575
0.272723
0.056676
0.096675
0.024382
0.020971
0.029713
0.023610
0.017649
0.017261
0.014614
0.100353
0.015441
0.014859
0.010857
0.011506
0.012612
0.047609
0.173907
0.083483
0.041409
0.121588
0.067864
0.039458
0.048329
0.056306
0.028784
0.010494
0.014011
0.013743
0.209509
0.009311
0.057236
0.007907
0.008235
0.008374
0.012164
0.099775
0.012760
0.035954
0.053625
0.040453
0.060874
0.008481
0.009596
0.068324
0.022630
0.022065
0.013158
0.069430
0.065675
0.044447
0.015004
0.012045
0.010108
0.008786
0.013752
0.010711
0.033122
0.021416
0.018393
0.013254
0.011857
0.008971
0.008432
0.008383
0.009036
0.011410
0.008031
0.029669
0.010334
0.010613
0.093580
0.061340
0.035319
0.024906
0.039562
0.108992
0.059946
0.057772
0.052401
0.066812
0.012237
0.007933
0.008608
0.008685
0.009159
0.011940
0.008246
0.014480
0.008440
0.009844
0.016123
0.008664
0.010685
0.010266
0.009098
0.010818
0.008593
0.008863
0.009387
0.012350
0.015100
0.010815
0.011388
0.011237
0.063616
0.032170
0.012569
0.047771
0.024949
0.017416
0.017747
0.008999
0.013476
0.013560
0.037417
0.048534
0.075392
0.053505
0.095254
0.096979
0.015010
0.007932
0.016261
0.009321
0.014021
0.012371
0.008457
0.009503
0.009621
0.013889
0.043111
0.007917
0.024207
0.008616
0.056621
0.038232
0.020153
0.024506
0.008449
0.039996
0.086365
0.008397
0.018938
0.022035
0.033952
0.039147
0.037246
0.070529
0.018585
0.009362
0.020488
0.023471
0.009541
0.009609
0.010026
0.042158
0.007822
0.011086
0.035335
0.008929
0.010819
0.007907
0.009748
0.009321
0.017443
0.011169
0.012044
0.013778
0.012415
0.009929
0.063491
0.020063
0.051539
0.057194
0.060754
0.012175
0.017119
0.095662
0.110162
0.046707
0.020411
0.078236
0.020474
0.009343
0.050111
0.035009
0.024666
0.037658
0.011520
0.015727
0.117271
0.049438
0.010293
0.009635
0.019972
0.015805
0.011015
0.012023
0.012221
0.012568
0.011723
0.012977
0.009521
0.008617
0.017492
0.013188
0.009782
0.010459
0.014092
0.009650
0.013918
0.026478
0.011845
0.008835
0.009339
0.011468
0.012172
0.009620
0.013964
0.009358
0.012847
0.008492
0.013394
0.013221
0.009177
0.016922
0.009383
0.016781
0.041587
0.025303
0.064721
0.042869
0.032965
0.062392
0.047042
0.074280
0.053124
0.058743
0.141022
0.013756
0.026541
0.018095
0.025380
0.018667
0.010897
0.012475
0.009102
0.013303
0.024543
0.022795
0.017576
0.008772
0.017376
0.024597
0.009952
0.063175
0.013528
0.039292
0.073188
0.012129
0.034123
0.031478
0.040695
0.022953
0.049470
0.023852
0.016929
0.010089
0.008364
0.015626
0.039751
0.012926
0.018526
0.060555
0.020905
0.034795
0.019929
0.016766
0.038834
0.023615
0.023386
0.060129
0.027708
0.020759
0.008886
0.019913
0.008667
0.008758
0.009642
0.009323
0.011456
0.008952
0.014790
0.013486
0.009603
0.010504
0.008336
0.012465
0.009383
0.009810
0.027953
0.010093
0.012353
0.008566
0.008902
0.011091
0.008660
0.009539
0.009501
0.008953
0.073419
0.030618
0.032147
0.053081
0.100298
0.036469
0.008817
0.149244
0.021215
0.010099
0.040252
0.008640
0.024840
0.032315
0.067283
0.132573
0.091617
0.010998
0.008400
0.008874
0.014354
0.010913
0.010660
0.008683
0.011076
0.013293
0.007962
0.009061
0.009877
0.008905
0.017636
0.010692
0.009775
0.008959
0.009643
0.071222
0.008001
0.104227
0.062325
0.080077
0.041127
0.012776
0.012899
0.008679
0.009410
0.012860
0.012446
0.015408
0.011244
0.015092
0.043897
0.010807
0.009349
0.010784
0.011676
0.022080
0.010508
0.008816
0.066525
0.016328
0.011242
0.008479
0.022148
0.008526
0.008996
0.016666
0.008078
0.009030
0.028800
0.021811
0.012061
0.021788
0.008682
0.012075
0.029965
0.053950
0.012735
0.024693
0.010831
0.009140
0.023885
0.025031
0.009174
0.008429
0.008806
0.040735
0.008715
0.008616
0.020967
0.020619
0.032207
0.031701
0.038539
0.043605
0.013611
0.011108
0.011316
0.013925
0.012646
0.014043
0.060255
0.046746
0.082423
0.080922
0.012245
0.124809
0.105925
0.009465
0.008977
0.010302
0.010363
0.007787
0.008701
0.008396
0.009325
0.010730
0.007870
0.009070
0.008618
0.009266
0.010340
0.010229
0.008908
0.008525
0.009093
0.014039
0.011016
0.012099
0.011786
0.012520
0.014002
0.011111
0.013024
0.012141
0.012773
0.018342
0.062423
0.012456
0.012780
0.013234
0.103854
0.077361
0.056369
0.049936
0.050316
0.029832
0.011080
0.033463
0.011257
0.010074
0.010548
0.022138
0.009020
0.008495
0.021064
0.027574
0.027910
0.011854
0.009397
0.008742
0.015181
0.028937
0.009169
0.008617
0.010056
0.014948
0.008446
0.009665
0.008705
0.010306
0.032445
0.008629
0.008660
0.008578
0.009622
0.054910
0.014440
0.008618
0.012280
0.029248
0.044976
0.069383
0.008967
0.008870
0.012059
0.025180
0.008548
0.009238
0.024634
0.010278
0.011311
0.011880
0.012581
0.009065
0.008887
0.041652
0.008014
0.008729
0.009577
0.009339
0.010732
0.007890
0.008594
0.008449
0.009024
0.010422
0.015590
0.008666
0.009432
0.010346
0.010502
0.022121
0.009814
0.008566
0.009998
0.058533
0.095932
0.035663
0.076245
0.076928
0.030554
0.023336
0.011727
0.014508
0.010046
0.014624
0.023649
0.072960
0.070611
0.024073
0.014156
0.009526
0.009922
0.009733
0.009518
0.015857
0.009538
0.009285
0.008497
0.018447
0.010526
0.009970
0.009181
0.008461
0.011232
0.010564
0.007972
0.008708
0.008622
0.011017
0.017351
0.010123
0.068399
0.038212
0.043982
0.011172
0.007941
0.018930
0.009056
0.034999
0.012229
0.008587
0.008917
0.010333
0.009214
0.010403
0.009583
0.009851
0.019897
0.025268
0.010618
0.007666
0.008622
0.008370
0.021095
0.027060
0.023449
0.009314
0.012895
0.010293
0.010435
0.008279
0.008597
0.008491
0.008948
0.011768
0.008371
0.008895
0.009173
0.009622
0.010395
0.009828
0.008904
0.008365
0.009124
0.059189
0.022960
0.011328
0.013495
0.009544
0.022736
0.022813
0.031203
0.021024
0.011963
0.014428
0.011189
0.012467
0.012492
0.012790
0.010325
0.009343
0.008800
0.008567
0.009499
0.010913
0.011932
0.008792
0.008475
0.012205
0.010625
0.008264
0.008772
0.008865
0.008989
0.032982
0.020437
0.016971
0.018486
0.020212
0.010900
0.008518
0.008638
0.022804
0.017986
0.010672
0.007852
0.008790
0.011318
0.032576
0.010566
0.008876
0.009496
0.010872
0.009061
0.010747
0.007888
0.025946
0.008580
0.022091
0.030644
0.024172
0.020790
0.018107
0.010257
0.035908
0.030789
0.032052
0.012977
0.021414
0.011423
0.007916
0.040895
0.012219
0.009019
0.013400
0.012631
0.014239
0.008947
0.008914
0.010668
0.007831
0.009494
0.019652
0.010264
0.023109
0.040798
0.009701
0.009495
0.009321
0.010854
0.016923
0.035724
0.012215
0.023807
0.014043
0.079458
0.009143
0.018044
0.009106
0.048329
0.020626
0.010765
0.025381
0.022606
0.046442
0.024243
0.026469
0.014561
0.020884
0.012475
0.008254
0.009155
0.008799
0.011985
0.010700
0.007970
0.008795
0.009109
0.009020
0.010766
0.008768
0.008861
0.008662
0.009461
0.027190
0.008601
0.008687
0.100971
0.087595
0.015890
0.011306
0.008947
0.011639
0.010054
0.035453
0.028590
0.035481
0.010399
0.015868
0.025206
0.016744
0.031106
0.025108
0.025547
0.047992
0.007953
0.019785
0.009488
0.009216
0.010482
0.014873
0.008763
0.024061
0.010324
0.035322
0.008111
0.009478
0.008562
0.009354
0.010459
0.008311
0.009982
0.011282
0.009848
0.027268
0.024279
0.016197
0.009196
0.009666
0.012053
0.021398
0.024741
0.009301
0.035459
0.010684
0.008560
0.009499
0.029159
0.009072
0.010456
0.007834
0.014190
0.008854
0.020932
0.016781
0.007868
0.008870
0.009404
0.009286
0.031035
0.018814
0.121431
0.016709
0.009521
0.011410
0.023017
0.010454
0.013918
0.009362
0.011085
0.007818
0.017778
0.008727
0.010839
0.014469
0.007891
0.057387
0.010395
0.011172
0.047182
0.063775
0.028641
0.036586
0.049903
0.012366
0.007983
0.009557
0.008641
0.013202
0.015253
0.008719
0.009232
0.020821
0.017096
0.013822
0.008412
0.009982
0.010123
0.011485
0.048023
0.008684
0.015756
0.010293
0.015972
0.019308
0.009325
0.012258
0.011695
0.009160
0.013548
0.008136
0.076676
0.124075
0.010566
0.015704
0.011161
0.016405
0.008656
0.010600
0.066520
0.019264
0.020926
0.027834
0.028664
0.087523
0.070484
0.075152
0.096299
0.079926
0.021776
0.013714
0.014425
0.063116
0.122934
0.043208
0.035354
0.008779
0.017999
0.020671
0.032397
0.008325
0.008680
0.008555
0.011906
0.021309
0.013302
0.013208
0.009083
0.014507
0.042794
0.036336
0.034415
0.022245
0.022109
0.160546
0.022144
0.167564
0.009042
0.009101
0.029802
0.032235
0.008788
0.013625
0.014149
0.022887
0.017891
0.024078
0.008551
0.021307
0.027030
0.007974
0.009040
0.008877
0.079731
0.029380
0.010957
0.011742
0.011383
0.014832
0.024249
0.007698
0.024039
0.008609
0.009757
0.010464
0.008043
0.008745
0.008711
0.009113
0.017233
0.011382
0.012037
0.013266
0.012997
0.025465
0.019757
0.008667
0.011813
0.012719
0.028517
0.008887
0.011428
0.010737
0.009152
0.010433
0.008345
0.009287
0.008668
0.009164
0.015643
0.019983
0.020973
0.025866
0.032618
0.033160
0.023630
0.026671
0.026413
0.074605
0.041676
0.019051
0.023989
0.011545
0.013078
0.021170
0.010630
0.012389
0.011534
0.025100
0.022375
0.022005
0.020716
0.008516
0.029270
0.013830
0.010584
0.023032
0.023013
0.009786
0.010393
0.008395
0.008641
0.008686
0.009158
0.010685
0.007824
0.008674
0.009853
0.013333
0.010877
0.007895
0.012856
0.009165
0.025148
0.011507
0.008609
0.009036
0.009487
0.009802
0.017810
0.015181
0.038606
0.103588
0.011604
0.093123
0.007819
0.008939
0.010717
0.011840
0.028223
0.019790
0.031009
0.015663
0.022852
0.034154
0.014190
0.008548
0.009566
0.060317
0.054957
0.059062
0.012835
0.027254
0.012094
0.010442
0.007882
0.025880
0.021729
0.028961
0.021764
0.010683
0.012055
0.014094
0.028501
0.014073
0.071279
0.033511
0.028899
0.031194
0.036802
0.028567
0.037845
0.029191
0.032918
0.010446
0.009130
0.008451
0.009012
0.008762
0.010419
0.007793
0.022805
0.017045
0.024567
0.027176
0.020244
0.008886
0.008792
0.009256
0.010482
0.007804
0.009094
0.008568
0.009804
0.010988
0.012924
0.008729
0.009066
0.009001
0.031642
0.010454
0.030756
0.015979
0.025316
0.033579
0.021939
0.025001
0.008482
0.020572
0.040041
0.030183
0.034788
0.032496
0.035922
0.026981
0.032127
0.022747
0.022627
0.014736
0.028218
0.021368
0.024601
0.016713
0.009103
0.027375
0.022822
0.026198
0.014072
0.012329
0.010556
0.024096
0.030366
0.017050
0.025422
0.010816
0.007675
0.010485
0.008332
0.009290
0.010489
0.007993
0.009876
0.008727
0.013050
0.010449
0.008516
0.009241
0.008823
0.009340
0.010444
0.008478
0.010410
0.041914
0.010486
0.010434
0.011787
0.008792
0.008573
0.009149
0.011285
0.007799
0.008869
0.008705
0.009344
0.011598
0.008542
0.008675
0.020524
0.029098
0.022969
0.018892
0.012068
0.011700
0.013297
0.010898
0.011331
0.008793
0.008777
0.009510
0.011322
0.008045
0.014744
0.018408
0.009947
0.020672
0.007948
0.008622
0.011524
0.012438
0.010336
0.007858
0.018526
0.013097
0.031761
0.030725
0.010799
0.010165
0.008557
0.034965
0.010955
0.008464
0.009722
0.009050
0.009500
0.022431
0.008328
0.008940
0.008583
0.009367
0.026814
0.016285
0.008639
0.016206
0.029335
0.021505
0.007665
0.018937
0.018537
0.010628
0.010365
0.012472
0.015079
0.029604
0.012449
0.014230
0.008102
0.009554
0.009563
0.039669
0.010337
0.007646
0.008615
0.008354
0.020999
0.010658
0.007808
0.021403
0.022727
0.009258
0.011069
0.007694
0.009142
0.008460
0.009111
0.013988
0.011710
0.013660
0.012005
0.013176
0.014721
0.015791
0.008873
0.008671
0.013586
0.010452
0.008519
0.021349
0.009579
0.009463
0.010438
0.009572
0.021092
0.020199
0.033365
0.018840
0.019841
0.009755
0.008627
0.009443
0.010512
0.007735
0.008679
0.023950
0.023974
0.011120
0.007844
0.013857
0.009316
0.012745
0.012255
0.008034
0.008758
0.009830
0.010236
0.011073
0.007940
0.009304
0.009500
0.014268
0.015067
0.011356
0.009328
0.008784
0.009085
0.010608
0.008522
0.009576
0.008701
0.009591
0.010517
0.030340
0.012008
0.011707
0.012532
0.022516
0.007463
0.009640
0.022280
0.018174
0.010326
0.007650
0.008583
0.011912
0.012525
0.027769
0.019834
0.009515
0.009681
0.029105
0.010316
0.007670
0.008683
0.018175
0.009410
0.010449
0.010608
0.008613
0.008522
0.011605
0.026485
0.007732
0.008693
0.008535
0.009603
0.011562
0.009007
0.009154
0.009346
0.009538
0.010405
0.012586
0.008948
0.028193
0.034409
0.010551
0.007794
0.009020
0.008565
0.010415
0.017586
0.026431
0.012007
0.032463
0.009132
0.010433
0.007716
0.008700
0.008495
0.009111
0.010785
0.009445
0.011582
0.010366
0.009097
0.010681
0.008186
0.008801
0.009788
0.009984
0.012201
0.007713
0.009998
0.009172
0.011244
0.011061
0.007909
0.009168
0.019219
0.014102
0.012977
0.008148
0.009114
0.008937
0.009536
0.046243
0.062538
0.029079
0.046118
0.042469
0.013066
0.076944
0.020668
0.008609
0.010174
0.011242
0.007863
0.009450
0.013879
0.009748
0.010414
0.007940
0.032438
0.052929
0.052592
0.022818
0.016598
0.038671
0.012840
0.012222
0.059225
0.011051
0.012267
0.012389
0.009064
0.022562
0.007680
0.010937
0.008548
0.013573
0.010515
0.009278
0.009061
0.008876
0.009284
0.010706
0.010597
0.025375
0.009064
0.020142
0.010815
0.008243
0.023514
0.027409
0.010068
0.018352
0.018631
0.020773
0.018225
0.017163
0.046594
0.055717
0.025140
0.023626
0.025400
0.035740
0.023100
0.008688
0.019761
0.017632
0.022674
0.007846
0.021701
0.019032
0.011960
0.013951
0.007697
0.012070
0.012712
0.012646
0.010590
0.009877
0.010275
0.009323
0.009604
0.012147
0.008048
0.009012
0.019357
0.025261
0.011183
0.007733
0.009061
0.008529
0.009645
0.010707
0.007833
0.009572
0.012178
0.009428
0.010903
0.007885
0.008901
0.009717
0.039219
0.022794
0.020102
0.011860
0.068856
0.013988
0.027713
0.020266
0.040249
0.011545
0.036750
0.031324
0.010695
0.011891
0.045631
0.029494
0.042733
0.024102
0.008634
0.008607
0.021264
0.010890
0.008288
0.009276
0.009739
0.013334
0.016843
0.008177
0.008544
0.008648
0.010801
0.010575
0.011138
0.009064
0.009946
0.009034
0.010338
0.007696
0.008579
0.008449
0.008895
0.010434
0.007791
0.008527
0.008656
0.009037
0.022719
0.019659
0.008684
0.034162
0.030659
0.041691
0.010494
0.013166
0.011578
0.012612
0.013774
0.010526
0.011758
0.008646
0.008965
0.017731
0.020505
0.041281
0.008401
0.008909
0.010753
0.007788
0.008834
0.008563
0.008969
0.017550
0.007861
0.010174
0.011901
0.009635
0.014641
0.012099
0.008622
0.008585
0.009466
0.010631
0.009519
0.008803
0.008839
0.024657
0.014839
0.007919
0.009391
0.009495
0.012037
0.011146
0.014060
0.016903
0.015378
0.009152
0.031678
0.028725
0.029893
0.020488
0.021106
0.027436
0.020600
0.023888
0.023343
0.026409
0.037840
0.027140
0.031199
0.064488
0.036659
0.027528
0.020711
0.022974
0.022782
0.024223
0.027203
0.020545
0.022655
0.022306
0.023584
0.028698
0.020800
0.035004
0.018033
0.023728
0.024189
0.007681
0.015818
0.037405
0.025484
0.010704
0.008016
0.008624
0.008867
0.009575
0.010451
0.008495
0.008637
0.008731
0.009306
0.010405
0.007836
0.008630
0.008847
0.009034
0.010429
0.007714
0.010329
0.010244
0.014527
0.010412
0.007870
0.008750
0.019578
0.009241
0.011802
0.007968
0.008614
0.027831
0.009540
0.014006
0.017148
0.008535
0.016641
0.025737
0.034564
0.007731
0.013144
0.038567
0.015532
0.010611
0.008079
0.008849
0.008452
0.009107
0.010403
0.007749
0.008563
0.008779
0.021982
0.010932
0.034263
0.036986
0.011760
0.034659
0.025229
0.007736
0.012183
0.024472
0.009149
0.022774
0.020117
0.008495
0.008583
0.009199
0.022433
0.007668
0.008477
0.008506
0.009106
0.010956
0.013343
0.009390
0.028393
0.024423
0.010436
0.007912
0.008468
0.008527
0.009560
0.011495
0.008883
0.010305
0.008658
0.009356
0.012675
0.022881
0.008746
0.008425
0.009123
0.027610
0.009821
0.009067
0.008373
0.009779
0.010728
0.007806
0.008636
0.008717
0.009147
0.054681
0.021246
0.056871
0.044886
0.019133
0.029471
0.027796
0.039130
0.031744
0.044788
0.038050
0.016986
0.018317
0.015596
0.014876
0.015493
0.019047
0.020653
0.008573
0.022300
0.021837
0.007917
0.013661
0.015576
0.009197
0.014107
0.010492
0.012574
0.011784
0.012830
0.010405
0.007791
0.008497
0.020566
0.024832
0.038891
0.007819
0.028861
0.019442
0.021340
0.052262
0.008430
0.010758
0.008652
0.009120
0.010425
0.012054
0.008986
0.009236
0.009577
0.013936
0.008530
0.008783
0.008569
0.009076
0.024003
0.022733
0.020834
0.024046
0.011174
0.010487
0.007718
0.008831
0.008583
0.009078
0.011011
0.007675
0.008760
0.008739
0.010218
0.010569
0.008477
0.010785
0.030911
0.023785
0.010352
0.007755
0.008428
0.024888
0.012931
0.010696
0.009812
0.008888
0.009969
0.010630
0.010446
0.007717
0.008844
0.013889
0.011575
0.022556
0.010508
0.008566
0.008531
0.009127
0.015618
0.027348
0.048483
0.008994
0.014257
0.010400
0.016369
0.028521
0.013650
0.018226
0.024480
0.028121
0.033368
0.008450
0.017894
0.011558
0.007746
0.013781
0.009102
0.009460
0.010404
0.008835
0.008794
0.009411
0.009013
0.013316
0.024063
0.024826
0.008591
0.020704
0.048588
0.035350
0.020794
0.024039
0.107354
0.026677
0.016147
0.008548
0.009465
0.013565
0.010359
0.008414
0.008640
0.008878
0.009005
0.016624
0.017214
0.021815
0.010135
0.021563
0.022310
0.019989
0.008838
0.013699
0.009201
0.010330
0.007673
0.008402
0.008610
0.010283
0.010474
0.019977
0.020871
0.009826
0.021705
0.010621
0.008840
0.008313
0.008815
0.008990
0.010364
0.020489
0.010836
0.008445
0.009008
0.010409
0.007664
0.008407
0.008401
0.009047
0.010659
0.028141
0.008437
0.008843
0.011830
0.010689
0.010822
0.008738
0.008558
0.009753
0.014159
0.010551
0.027429
0.028963
0.021372
0.022898
0.015684
0.026033
0.028452
0.021223
0.027385
0.019903
0.012471
0.016163
0.030489
0.016540
0.029647
0.019374
0.034274
0.025277
0.018599
0.028034
0.017162
0.008427
0.021420
0.010537
0.009849
0.008897
0.011226
0.009877
0.058184
0.008438
0.009212
0.009726
0.011939
0.011962
0.007743
0.008516
0.008451
0.009451
0.013520
0.007741
0.010912
0.009901
0.009365
0.026432
0.008273
0.008537
0.008504
0.021435
0.023361
0.065551
0.027661
0.027219
0.052424
0.017526
0.008099
0.009744
0.010917
0.009003
0.010475
0.008328
0.009423
0.010443
0.009418
0.011229
0.009457
0.008421
0.008453
0.008998
0.010381
0.007705
0.008415
0.009351
0.019091
0.014522
0.023897
0.008658
0.009271
0.009628
0.010408
0.015050
0.008890
0.008894
0.009288
0.017050
0.007875
0.011124
0.012472
0.009217
0.011814
0.008530
0.008557
0.021126
0.009044
0.010527
0.008013
0.008624
0.008853
0.009300
0.010627
0.007886
0.008995
0.009267
0.009246
0.010546
0.008301
0.008758
0.008569
0.009304
0.023189
0.008252
0.009301
0.009338
0.010036
0.029618
0.007739
0.009218
0.008855
0.010921
0.010455
0.007839
0.008510
0.009623
0.022130
0.010880
0.009041
0.009155
0.008534
0.012295
0.010992
0.008571
0.012893
0.012945
0.009756
0.022873
0.007701
0.014311
0.020606
0.022904
0.022648
0.018270
0.031977
0.008697
0.009189
0.020306
0.031437
0.015764
0.011968
0.010165
0.010850
0.008557
0.008601
0.008452
0.009410
0.011002
0.008610
0.008544
0.009089
0.009713
0.020822
0.042817
0.017100
0.018554
0.035165
0.029092
0.038939
0.018693
0.008476
0.012666
0.032531
0.008834
0.008596
0.008657
0.008972
0.016532
0.010814
0.008589
0.008513
0.009375
0.010470
0.009753
0.008455
0.008453
0.009146
0.034434
0.016419
0.022058
0.016860
0.012364
0.013715
0.014006
0.011972
0.009083
0.013019
0.060292
0.007675
0.038366
0.026540
0.034761
0.011012
0.012994
0.008406
0.008706
0.021800
0.025780
0.018789
0.015637
0.020693
0.030500
0.040510
0.007798
0.008516
0.008860
0.009119
0.032093
0.020654
0.008484
0.026657
0.019668
0.011838
0.008507
0.021998
0.008889
0.009434
0.010565
0.007747
0.020789
0.021058
0.009039
0.022805
0.007692
0.008502
0.008832
0.009085
0.013811
0.010380
0.011466
0.008379
0.009681
0.041556
0.018807
0.011193
0.023516
0.020894
0.022392
0.019733
0.008511
0.028929
0.009024
0.037221
0.007741
0.020690
0.012698
0.012249
0.064478
0.031998
0.025599
0.009773
0.010857
0.011417
0.007742
0.009893
0.019148
0.028878
0.010333
0.007775
0.008468
0.008422
0.009052
0.010803
0.008087
0.012893
0.008442
0.009229
0.025247
0.007790
0.011595
0.018113
0.008970
0.011616
0.011770
0.010076
0.023840
0.009060
0.013092
0.008630
0.011685
0.008833
0.013564
0.025101
0.012561
0.020930
0.008451
0.009139
0.010458
0.010924
0.020788
0.009162
0.008953
0.016344
0.033877
0.008482
0.042042
0.040498
0.014758
0.010664
0.012305
0.012455
0.012525
0.014735
0.019892
0.008487
0.008414
0.035949
0.010850
0.007831
0.008348
0.009200
0.009410
0.012048
0.008380
0.008430
0.008402
0.010279
0.010454
0.007726
0.008955
0.008900
0.008953
0.030928
0.032116
0.020648
0.020701
0.016277
0.019374
0.021259
0.016597
0.011440
0.014207
0.041042
0.022959
0.031194
0.011442
0.014395
0.033164
0.022175
0.022698
0.024707
0.034602
0.030793
0.007853
0.008638
0.020966
0.009203
0.013724
0.010439
0.023069
0.022985
0.025186
0.025728
0.007699
0.008639
0.008713
0.021463
0.010825
0.017013
0.020458
0.016935
0.022326
0.022394
0.023921
0.020696
0.032344
0.013162
0.011188
0.007712
0.023801
0.008290
0.009316
0.028001
0.021222
0.023379
0.023026
0.024252
0.028219
0.057954
0.008572
0.020450
0.008973
0.010834
0.008121
0.008640
0.008424
0.009573
0.010370
0.008164
0.008863
0.008701
0.009594
0.010962
0.008840
0.009325
0.012459
0.009152
0.020347
0.017188
0.044193
0.011697
0.021227
0.029265
0.008238
0.008538
0.008885
0.009310
0.010646
0.008798
0.008543
0.011003
0.009403
0.020143
0.012009
0.011483
0.008400
0.009389
0.018695
0.022990
0.012410
0.029910
0.016677
0.010977
0.027697
0.008548
0.008622
0.010750
0.018898
0.008685
0.009715
0.008349
0.017211
0.014112
0.010931
0.011491
0.014421
0.017071
0.108092
0.008925
0.024050
0.009268
0.010198
0.022652
0.024121
0.022539
0.016529
0.030235
0.029731
0.010800
0.012400
0.012466
0.022095
0.022804
0.046979
0.016497
0.018527
0.012554
0.011028
0.008282
0.009027
0.008821
0.012400
0.028561
0.051561
0.008464
0.008351
0.010720
0.015026
0.010628
0.012579
0.008637
0.016585
0.018057
0.007827
0.010323
0.008403
0.021635
0.010445
0.008105
0.031549
0.051589
0.041895
0.010372
0.011859
0.038097
0.011282
0.008971
0.017668
0.014886
0.010249
0.015596
0.015306
0.053240
0.023035
0.019168
0.046789
0.011678
0.036365
0.051684
0.059747
0.012719
0.014035
0.013975
0.007732
0.008473
0.025373
0.021503
0.025545
0.026479
0.028666
0.014876
0.028054
0.042824
0.019217
0.011906
0.008577
0.008948
0.010983
0.008234
0.008445
0.008319
0.008925
0.040377
0.048878
0.029835
0.020273
0.021075
0.038036
0.035066
0.016730
0.028326
0.011107
0.019410
0.007795
0.008990
0.020620
0.008995
0.023180
0.014620
0.020462
0.008246
0.009148
0.010861
0.007670
0.026432
0.008563
0.013500
0.011213
0.009489
0.011456
0.008700
0.009226
0.037083
0.028410
0.019395
0.011414
0.035037
0.036974
0.024316
0.019452
0.010474
0.021510
0.048179
0.020931
0.051646
0.073641
0.070007
0.023147
0.007725
0.009625
0.013399
0.009016
0.011892
0.008081
0.008936
0.008559
0.009097
0.017172
0.008085
0.033747
0.012105
0.009208
0.010937
0.008074
0.008378
0.008214
0.008821
0.023198
0.020162
0.025205
0.008291
0.009340
0.014863
0.038199
0.011881
0.010149
0.016127
0.023031
0.007715
0.012555
0.010574
0.016465
0.011050
0.012537
0.012316
0.013007
0.009130
0.014689
0.008267
0.008741
0.008295
0.010250
0.010850
0.008422
0.009121
0.008332
0.008965
0.010476
0.022502
0.020924
0.020647
0.021266
0.010355
0.007666
0.008611
0.036773
0.024749
0.013883
0.010816
0.011675
0.011625
0.034601
0.037782
0.017928
0.031462
0.026440
0.030000
0.010442
0.007811
0.008545
0.008393
0.011162
0.030987
0.027410
0.020330
0.052372
0.042183
0.028785
0.015369
0.024796
0.023478
0.009152
0.025640
0.026598
0.028076
0.011144
0.016571
0.021446
0.025535
0.018550
0.015506
0.021076
0.010437
0.008190
0.008747
0.008113
0.009039
0.010855
0.009951
0.042290
0.008380
0.009017
0.010943
0.008344
0.009222
0.008793
0.009833
0.010388
0.007707
0.008475
0.008265
0.021148
0.010406
0.007717
0.009378
0.014502
0.014184
0.010518
0.009154
0.008554
0.008261
0.009037
0.010362
0.007701
0.008470
0.008284
0.009065
0.022770
0.024336
0.013510
0.008294
0.008995
0.013721
0.024835
0.012306
0.011347
0.009016
0.026712
0.019754
0.019775
0.008250
0.009041
0.010351
0.007821
0.008655
0.008724
0.009614
0.017185
0.011644
0.020084
0.009742
0.009377
0.024111
0.024220
0.011479
0.008264
0.033756
0.010382
0.009363
0.018363
0.009012
0.009507
0.029789
0.027138
0.023391
0.023646
0.021353
0.011072
0.007711
0.018476
0.008428
0.011794
0.011047
0.007810
0.008449
0.008622
0.010318
0.010432
0.007740
0.008458
0.008711
0.009450
0.010707
0.007668
0.008486
0.012264
0.024614
0.010402
0.019802
0.008449
0.008516
0.009688
0.010334
0.007537
0.008663
0.008195
0.009121
0.011177
0.010441
0.008462
0.008350
0.009007
0.020430
0.007679
0.020673
0.020280
0.016870
0.025665
0.025798
0.024210
0.027759
0.012460
0.016024
0.024050
0.020380
0.008347
0.010514
0.020353
0.008759
0.010879
0.008547
0.009213
0.013674
0.011191
0.011763
0.023105
0.012908
0.014255
0.011262
0.010817
0.008898
0.010463
0.013527
0.007882
0.025243
0.008335
0.009108
0.010335
0.007881
0.020748
0.024170
0.008915
0.015250
0.007650
0.009082
0.025428
0.021314
0.024396
0.020194
0.008460
0.020074
0.032883
0.013800
0.026641
0.011604
0.011646
0.047560
0.023910
0.020727
0.022439
0.018769
0.009300
0.010839
0.018983
0.008893
0.008702
0.009532
0.010774
0.007710
0.008403
0.008319
0.008927
0.010491
0.010276
0.008405
0.008250
0.008889
0.022708
0.008233
0.012525
0.008287
0.042532
0.011054
0.008128
0.020731
0.008531
0.009140
0.017562
0.007747
0.019806
0.008321
0.020878
0.023677
0.008269
0.008903
0.016842
0.018576
0.010380
0.007694
0.008610
0.008280
0.019391
0.010493
0.007905
0.008547
0.008333
0.009009
0.010661
0.008357
0.008484
0.008532
0.032927
0.014172
0.011250
0.011769
0.011475
0.012715
0.010721
0.007769
0.013097
0.025034
0.012250
0.028479
0.007811
0.008513
0.017072
0.018473
0.028094
0.021531
0.039648
0.016630
0.021569
0.021776
0.022068
0.008425
0.022316
0.017460
0.010720
0.010780
0.015333
0.008699
0.017837
0.010732
0.023412
0.027058
0.021034
0.025385
0.010303
0.011270
0.008386
0.008211
0.009047
0.011028
0.008553
0.008489
0.008280
0.012118
0.011760
0.007840
0.008705
0.010548
0.010398
0.034106
0.018205
0.008691
0.008780
0.009284
0.021253
0.012276
0.008934
0.008294
0.009282
0.043846
0.016542
0.011395
0.011629
0.012192
0.027975
0.022041
0.011557
0.011277
0.028948
0.010835
0.010192
0.009098
0.008481
0.021075
0.010498
0.010415
0.008809
0.008269
0.009197
0.010773
0.011308
0.008649
0.008447
0.040382
0.010738
0.008296
0.008663
0.008315
0.009089
0.021477
0.009318
0.009005
0.008504
0.009100
0.022813
0.019695
0.016917
0.008379
0.009227
0.011003
0.008186
0.008763
0.008305
0.009212
0.010594
0.007998
0.024389
0.032765
0.009247
0.010883
0.007948
0.008483
0.008547
0.008998
0.010595
0.007891
0.008468
0.008300
0.009559
0.010549
0.007804
0.008443
0.008226
0.008805
0.010312
0.007480
0.008363
0.008080
0.008816
0.033688
0.024639
0.020480
0.032612
0.018018
0.077625
0.028471
0.024914
0.008439
0.033102
0.014186
0.036096
0.011650
0.023431
0.025166
0.025670
0.022081
0.012380
0.014971
0.013384
0.011275
0.007945
0.009416
0.008206
0.023305
0.022566
0.008583
0.008387
0.023558
0.014846
0.026770
0.015463
0.008462
0.025574
0.009081
0.019462
0.007788
0.022256
0.018574
0.017534
0.014981
0.007757
0.008905
0.008625
0.009278
0.012733
0.007905
0.028332
0.009034
0.008702
0.012092
0.008216
0.024896
0.026260
0.008868
0.010753
0.028180
0.041633
0.029235
0.021572
0.022753
0.010051
0.008519
0.008728
0.015031
0.011140
0.007734
0.008439
0.016064
0.009380
0.010496
0.008358
0.008645
0.008277
0.009268
0.014832
0.013903
0.008978
0.009045
0.009061
0.010527
0.007950
0.008586
0.023578
0.068213
0.011376
0.008173
0.008838
0.008939
0.008886
0.010409
0.038675
0.037175
0.028752
0.027322
0.042364
0.031265
0.034127
0.024695
0.025112
0.014694
0.009195
0.008434
0.008529
0.008866
0.011399
0.007934
0.017949
0.009507
0.008863
0.010568
0.007863
0.008886
0.012122
0.022758
0.010363
0.007968
0.021230
0.009145
0.013966
0.019652
0.038895
0.023841
0.047248
0.039162
0.031024
0.021592
0.023567
0.039641
0.023712
0.027254
0.007681
0.008417
0.014692
0.021044
0.010579
0.010938
0.012156
0.008263
0.008901
0.027594
0.021091
0.020426
0.024290
0.025703
0.026799
0.021852
0.049262
0.017323
0.012012
0.010367
0.008212
0.009346
0.009518
0.014088
0.022991
0.032145
0.020887
0.016414
0.076196
0.031195
0.007668
0.008408
0.008217
0.008657
0.012025
0.007727
0.008577
0.008625
0.008874
0.024326
0.011314
0.011761
0.008710
0.010501
0.018376
0.020643
0.011132
0.032372
0.019702
0.022699
0.019951
0.024635
0.020482
0.019868
0.013416
0.007888
0.009713
0.008353
0.008732
0.013848
0.013730
0.013945
0.012700
0.008831
0.011878
0.010616
0.010540
0.008344
0.008800
0.010558
0.010054
0.008546
0.008628
0.009072
0.010557
0.007960
0.008642
0.043727
0.070471
0.023081
0.007844
0.009150
0.008848
0.009183
0.045826
0.051871
0.024336
0.028110
0.028310
0.026415
0.019073
0.035373
0.027462
0.035145
0.010900
0.008250
0.008428
0.008451
0.008756
0.010835
0.035427
0.034865
0.031354
0.046588
0.031890
0.008111
0.009291
0.022909
0.013235
0.014431
0.012807
0.012089
0.011702
0.035742
0.021879
0.035111
0.016906
0.027422
0.013291
0.010982
0.007776
0.016316
0.008500
0.009169
0.011108
0.008626
0.010150
0.009923
0.010027
0.010466
0.015456
0.008434
0.008266
0.009258
0.036988
0.010607
0.023390
0.020873
0.020476
0.024217
0.007764
0.008463
0.012892
0.025957
0.039224
0.025741
0.027486
0.028080
0.030323
0.028607
0.021155
0.008514
0.014339
0.009725
0.026961
0.008231
0.013226
0.034309
0.015436
0.026775
0.020179
0.008602
0.020723
0.008936
0.020673
0.008016
0.010011
0.008630
0.009282
0.011216
0.008713
0.008884
0.010716
0.012355
0.035109
0.020090
0.008601
0.031613
0.008883
0.012422
0.008034
0.008582
0.010129
0.008868
0.023479
0.014075
0.008828
0.008501
0.012532
0.010512
0.008591
0.009412
0.009159
0.010268
0.030909
0.044738
0.120953
0.026119
0.041345
0.010913
0.011772
0.009249
0.008909
0.013273
0.010464
0.008236
0.009020
0.008409
0.009479
0.020347
0.020495
0.023773
0.022256
0.010683
0.010337
0.008006
0.008421
0.008207
0.008839
0.022536
0.007689
0.008530
0.008349
0.012539
0.054189
0.029881
0.028101
0.016165
0.030054
0.019756
0.007757
0.018261
0.010631
0.031920
0.022486
0.013671
0.009657
0.008798
0.013591
0.010594
0.007769
0.008499
0.010044
0.009204
0.012750
0.008391
0.012053
0.008270
0.008837
0.010536
0.007890
0.008598
0.008581
0.008855
0.022611
0.057783
0.008913
0.008842
0.008800
0.010575
0.014759
0.009285
0.008373
0.008773
0.019225
0.062724
0.027164
0.029284
0.033696
0.034871
0.035795
0.035418
0.008680
0.055224
0.034928
0.007791
0.010820
0.008541
0.026693
0.010624
0.008956
0.008592
0.008296
0.009155
0.010686
0.008463
0.009057
0.008428
0.009012
0.010706
0.007903
0.008475
0.008366
0.012179
0.010586
0.007843
0.010266
0.008296
0.008732
0.010796
0.007774
0.008642
0.008260
0.009705
0.010823
0.008463
0.009674
0.008796
0.009275
0.029136
0.039815
0.009369
0.012843
0.009189
0.010570
0.010774
0.010238
0.008990
0.009988
0.015741
0.008536
0.016116
0.013056
0.010386
0.021830
0.011215
0.029497
0.019687
0.019594
0.011699
0.008686
0.008547
0.008291
0.009965
0.013017
0.008256
0.009335
0.009303
0.021821
0.011328
0.010089
0.008919
0.011524
0.009700
0.011279
0.008726
0.009492
0.009605
0.009631
0.077757
0.039852
0.082510
0.016527
0.052540
0.030969
0.020954
0.033134
0.008868
0.026912
0.021459
0.035501
0.042182
0.033666
0.031341
0.024103
0.010879
0.012921
0.022809
0.038730
0.011858
0.008616
0.009322
0.008538
0.012872
0.013669
0.008681
0.009708
0.009142
0.009931
0.023872
0.052153
0.072597
0.041725
0.030756
0.079896
0.010818
0.013460
0.011498
0.044855
0.040051
0.023946
0.030012
0.056873
0.031921
0.034045
0.029227
0.042641
0.025723
0.023160
0.013818
0.010381
0.011363
0.011129
0.011844
0.011242
0.008356
0.008355
0.008206
0.008660
0.014262
0.010898
0.011748
0.011440
0.011815
0.027622
0.020473
0.011323
0.021849
0.020580
0.010411
0.018942
0.025174
0.013470
0.023689
0.010700
0.011083
0.008482
0.008575
0.009118
0.037103
0.007911
0.008576
0.008423
0.008938
0.029659
0.025325
0.019888
0.014758
0.013268
0.022684
0.009269
0.008437
0.008095
0.008575
0.020113
0.007817
0.016512
0.030392
0.014141
0.010905
0.009100
0.009098
0.008394
0.009007
0.023242
0.007988
0.008484
0.008414
0.008890
0.010570
0.009489
0.008722
0.008729
0.009012
0.011585
0.008451
0.008970
0.010507
0.009774
0.014694
0.010390
0.011386
0.013485
0.014656
0.014396
0.007667
0.040303
0.031383
0.013414
0.013935
0.012608
0.017201
0.011719
0.017480
0.032671
0.058557
0.025307
0.018631
0.010119
0.012150
0.009373
0.008399
0.014930
0.008765
0.025870
0.015915
0.014597
0.032504
0.008988
0.018462
0.027790
0.008570
0.065802
0.024559
0.010567
0.007809
0.008968
0.008241
0.012527
0.037819
0.029723
0.036601
0.031193
0.025210
0.025746
0.028023
0.008443
0.021453
0.023890
0.065862
0.009757
0.019921
0.009072
0.009719
0.028646
0.022152
0.024820
0.025107
0.025600
0.026559
0.019863
0.008479
0.012304
0.008961
0.027194
0.007721
0.012875
0.008380
0.015378
0.020836
0.020103
0.012073
0.018924
0.011673
0.010845
0.008362
0.009384
0.017059
0.009934
0.011994
0.008825
0.008472
0.008260
0.009313
0.016316
0.016198
0.032127
0.008450
0.008806
0.015550
0.009228
0.008743
0.008394
0.008864
0.022576
0.007687
0.017784
0.018464
0.024222
0.017122
0.021183
0.070598
0.017492
0.016737
0.028563
0.007658
0.008793
0.013421
0.043740
0.011070
0.010594
0.009826
0.008603
0.012139
0.022631
0.020766
0.042678
0.023380
0.018530
0.010522
0.014992
0.008439
0.008211
0.008720
0.010462
0.019079
0.012581
0.024572
0.022191
0.034753
0.019997
0.033221
0.013767
0.037593
0.026700
0.009975
0.018916
0.011218
0.021146
0.014704
0.021578
0.011554
0.008262
0.031128
0.039553
0.007696
0.008387
0.008273
0.010023
0.010481
0.020021
0.012251
0.008537
0.008925
0.028540
0.017044
0.048877
0.024721
0.014269
0.011627
0.007935
0.008793
0.009177
0.009029
0.011126
0.040706
0.014851
0.037664
0.012060
0.010772
0.008306
0.012675
0.008566
0.009239
0.010935
0.031319
0.011034
0.011533
0.010539
0.013793
0.010344
0.008652
0.009192
0.014800
0.012251
0.012287
0.008494
0.008387
0.008983
0.046124
0.026943
0.010086
0.008445
0.009580
0.016140
0.010923
0.012476
0.008727
0.019179
0.010822
0.007696
0.008452
0.008450
0.009150
0.011666
0.009888
0.010958
0.010329
0.015447
0.010691
0.013931
0.024908
0.010787
0.009101
0.010325
0.007705
0.008646
0.009182
0.009394
0.011948
0.013974
0.011357
0.011915
0.009990
0.011415
0.007900
0.009026
0.010076
0.013826
0.012265
0.008443
0.012424
0.008688
0.017928
0.014867
0.009428
0.010172
0.009613
0.014490
0.033789
0.007687
0.019636
0.008301
0.008908
0.010798
0.007988
0.008781
0.008558
0.009423
0.010616
0.022716
0.011375
0.008607
0.009534
0.022800
0.008270
0.008450
0.020717
0.009028
0.010824
0.007817
0.012567
0.010020
0.009849
0.011554
0.008409
0.008426
0.008402
0.009648
0.034101
0.013569
0.016839
0.023608
0.008716
0.025280
0.007727
0.008440
0.008259
0.008762
0.012428
0.011442
0.011528
0.009091
0.010238
0.010393
0.007714
0.008433
0.008712
0.009184
0.010476
0.009208
0.008392
0.008587
0.009351
0.010636
0.007939
0.008955
0.057215
0.020368
0.010419
0.007734
0.008507
0.008295
0.010062
0.010813
0.023126
0.008931
0.008571
0.025129
0.023428
0.024502
0.026309
0.016451
0.008853
0.010384
0.007713
0.008487
0.020393
0.009429
0.010424
0.007894
0.009371
0.024714
0.019223
0.026924
0.007880
0.010392
0.024637
0.075788
0.013907
0.010632
0.011563
0.014523
0.012135
0.011959
0.009868
0.008462
0.012632
0.008810
0.010500
0.007742
0.009092
0.008525
0.018528
0.014044
0.011906
0.013457
0.013557
0.013290
0.027476
0.007701
0.020793
0.009295
0.008819
0.035511
0.007913
0.016207
0.019563
0.008712
0.011846
0.016340
0.011857
0.018799
0.032695
0.014249
0.010772
0.011848
0.011596
0.012755
0.010505
0.007988
0.008492
0.008406
0.008816
0.011390
0.008491
0.011924
0.014941
0.022693
0.010705
0.011465
0.008438
0.008278
0.009259
0.010462
0.019721
0.024692
0.037782
0.020944
0.034856
0.010531
0.041042
0.008354
0.010545
0.022065
0.075432
0.008426
0.008292
0.008791
0.010460
0.007889
0.008448
0.008907
0.009336
0.014619
0.007979
0.011118
0.008337
0.015145
0.010759
0.012428
0.008478
0.012781
0.013686
0.010357
0.007757
0.008319
0.008295
0.008690
0.010580
0.007682
0.008485
0.012829
0.018693
0.010462
0.008294
0.008449
0.024628
0.022207
0.014098
0.010629
0.012160
0.011664
0.012013
0.050965
0.091196
0.015546
0.010257
0.010962
0.010474
0.020443
0.096093
0.008940
0.012448
0.038315
0.022564
0.016566
0.019109
0.036532
0.010824
0.010629
0.019245
0.008540
0.019743
0.010907
0.007835
0.008695
0.008491
0.009047
0.026478
0.007737
0.019713
0.008548
0.009554
0.010567
0.007837
0.008530
0.009717
0.009053
0.010606
0.008422
0.013376
0.016169
0.037270
0.026995
0.007702
0.019996
0.027440
0.013776
0.010700
0.012461
0.008922
0.008496
0.009215
0.028974
0.008198
0.032414
0.009883
0.028048
0.012646
0.028839
0.009481
0.008353
0.028546
0.015240
0.007749
0.008561
0.008230
0.009432
0.026646
0.030099
0.025964
0.008283
0.021153
0.029260
0.007689
0.010576
0.008524
0.018865
0.022455
0.021419
0.008609
0.008275
0.008865
0.013575
0.022190
0.018259
0.008277
0.026385
0.010491
0.012642
0.008378
0.011783
0.008681
0.018532
0.019962
0.020446
0.008355
0.008752
0.039288
0.017656
0.008659
0.012974
0.008756
0.010539
0.016759
0.040739
0.030004
0.110382
0.011590
0.011188
0.012327
0.008578
0.010258
0.013528
0.007682
0.050456
0.025435
0.019781
0.070733
0.034254
0.025689
0.029859
0.008952
0.015536
0.008602
0.008560
0.016969
0.009572
0.011099
0.010095
0.008390
0.008357
0.008881
0.010471
0.007660
0.008645
0.010368
0.009058
0.017253
0.014407
0.013693
0.014463
0.010322
0.071586
0.020830
0.023459
0.025622
0.026276
0.029462
0.007812
0.008587
0.008317
0.008832
0.013011
0.008052
0.008603
0.010630
0.012772
0.045866
0.008062
0.008680
0.011434
0.009083
0.036682
0.014433
0.016802
0.040068
0.029784
0.012298
0.008460
0.014438
0.008889
0.022664
0.023093
0.028762
0.008384
0.008313
0.017809
0.016583
0.017312
0.024909
0.018201
0.038156
0.022956
0.023749
0.023121
0.017352
0.041998
0.015402
0.008227
0.020736
0.024618
0.010656
0.014195
0.011300
0.011736
0.013884
0.013728
0.017991
0.019748
0.020577
0.021036
0.019682
0.017256
0.025545
0.011236
0.008317
0.021571
0.022834
0.049030
0.031920
0.013968
0.009282
0.014275
0.018863
0.020650
0.010709
0.061023
0.028512
0.010983
0.019961
0.023568
0.025152
0.011441
0.007770
0.013307
0.011384
0.008941
0.010847
0.008187
0.009798
0.008968
0.009779
0.012824
0.010152
0.012170
0.008872
0.011040
0.010417
0.031101
0.008450
0.008703
0.013955
0.045042
0.038466
0.073359
0.073314
0.030503
0.028745
0.010581
0.011858
0.011493
0.012882
0.020595
0.011739
0.009307
0.111660
0.087820
0.018695
0.036274
0.011601
0.012328
0.013606
0.012554
0.010351
0.008839
0.008922
0.012200
0.018066
0.008044
0.013644
0.018849
0.009538
0.041889
0.144208
0.027890
0.008844
0.029629
0.016243
0.008072
0.008396
0.008522
0.008847
0.026643
0.011183
0.008836
0.008242
0.009788
0.011151
0.010203
0.009824
0.008916
0.011605
0.018333
0.012837
0.014751
0.009217
0.013309
0.028495
0.031841
0.008514
0.020727
0.026319
0.013208
0.008434
0.011946
0.011611
0.012026
0.011472
0.026994
0.024582
0.011213
0.026433
0.054420
0.008243
0.035964
0.011579
0.011845
0.022446
0.020036
0.010792
0.021269
0.008736
0.010637
0.013174
0.008424
0.008315
0.008834
0.014952
0.007958
0.008492
0.011480
0.009224
0.013960
0.010367
0.021831
0.022724
0.021107
0.011269
0.007930
0.008415
0.008258
0.008722
0.010691
0.007684
0.009033
0.008683
0.008769
0.014774
0.011565
0.012042
0.012293
0.012652
0.011111
0.008814
0.008500
0.014502
0.028919
0.022396
0.020094
0.020456
0.011308
0.012623
0.030420
0.022314
0.023973
0.008532
0.008830
0.010580
0.007646
0.008526
0.008294
0.009088
0.014958
0.010442
0.011602
0.011556
0.012289
0.017699
0.007989
0.020929
0.017635
0.009342
0.010327
0.011473
0.010287
0.023626
0.012353
0.011309
0.010438
0.008746
0.008857
0.009311
0.021693
0.008663
0.008431
0.008787
0.009232
0.022658
0.008180
0.024861
0.008531
0.009133
0.014048
0.010567
0.011609
0.011391
0.012211
0.010934
0.008086
0.009391
0.008578
0.008918
0.010697
0.007643
0.008430
0.008123
0.008843
0.011023
0.013889
0.008422
0.008202
0.009991
0.010670
0.007753
0.008526
0.008495
0.016996
0.022565
0.007909
0.032742
0.020821
0.021200
0.018554
0.013463
0.020738
0.017978
0.023794
0.033718
0.052846
0.011315
0.011252
0.009676
0.010476
0.008028
0.008595
0.008341
0.008985
0.022891
0.007750
0.008528
0.018258
0.009322
0.011524
0.023340
0.026983
0.008645
0.023500
0.030385
0.019636
0.008289
0.008072
0.020537
0.035074
0.021749
0.024303
0.022393
0.041868
0.010597
0.008557
0.011188
0.008880
0.009436
0.010876
0.010739
0.008549
0.008490
0.009038
0.021963
0.017252
0.020629
0.008517
0.008998
0.015824
0.019935
0.020234
0.041634
0.023939
0.011669
0.008543
0.009491
0.009292
0.008753
0.010537
0.010269
0.008494
0.008527
0.008898
0.015671
0.010485
0.012067
0.018415
0.012161
0.010916
0.008403
0.026774
0.008351
0.009588
0.020155
0.020076
0.017261
0.008343
0.036689
0.049181
0.027767
0.036158
0.160463
0.138066
0.050337
0.007926
0.012668
0.079250
0.031939
0.038853
0.106681
0.014131
0.008461
0.010028
0.013546
0.007636
0.008438
0.009725
0.036511
0.012245
0.015562
0.022784
0.027619
0.013862
0.011576
0.008981
0.011616
0.008740
0.010697
0.013818
0.010632
0.011827
0.009033
0.011110
0.013387
0.022786
0.011478
0.009680
0.014549
0.010533
0.008032
0.009139
0.008963
0.009486
0.028739
0.021974
0.020295
0.008883
0.012559
0.010642
0.019784
0.022005
0.008360
0.010760
0.011138
0.008017
0.008388
0.009464
0.009648
0.041322
0.020230
0.048796
0.017490
0.013482
0.026004
0.024065
0.016786
0.013488
0.017440
0.011174
0.008663
0.011337
0.008522
0.013413
0.020568
0.044011
0.062821
0.032497
0.036812
0.034984
0.007809
0.008544
0.008430
0.008846
0.014184
0.008588
0.008610
0.009126
0.009657
0.047946
0.010280
0.012390
0.016085
0.032201
0.027154
0.021574
0.065183
0.030522
0.034923
0.010621
0.015370
0.018877
0.008453
0.024997
