TIME: 7.771 - SYSTEM: 0.000000,0.000000,0.000000,7.600000,7.600000,0.800000
TIME: 108.4 - SYSTEM: 0.002710,0.005929,0.003348,12.600000,12.600000,0.800000
TIME: 210 - SYSTEM: 0.002040,0.005049,0.003371,12.600000,7.600000,0.800000
TIME: 311.2 - SYSTEM: 0.002040,0.005049,0.003371,7.600000,7.600000,3.800000
TIME: 412 - SYSTEM: 0.002040,0.005049,0.003371,7.600000,12.600000,0.800000
TIME: 512.4 - SYSTEM: 0.002040,0.005049,0.003371,12.600000,12.600000,3.800000
TIME: 613 - SYSTEM: 0.002040,0.005049,0.003371,12.600000,7.600000,3.800000
TIME: 713.4 - SYSTEM: 0.002040,0.005049,0.003371,7.600000,12.600000,3.800000
TIME: 814.5 - SYSTEM: 0.002040,0.005049,0.003371,12.600000,12.600000,5.400000
TIME: 914.9 - SYSTEM: 0.002040,0.005049,0.003371,12.600000,12.600000,2.400000
TIME: 1015 - SYSTEM: 0.002040,0.005049,0.003371,12.600000,7.600000,5.400000
TIME: 1116 - SYSTEM: 0.002040,0.005049,0.003371,12.600000,7.600000,2.400000
TIME: 1216 - SYSTEM: 0.002040,0.005049,0.003371,7.600000,12.600000,5.400000
TIME: 1317 - SYSTEM: 0.002040,0.005049,0.003371,7.600000,12.600000,2.400000
TIME: 1418 - SYSTEM: 0.002040,0.005049,0.003371,7.600000,7.600000,5.400000
TIME: 1519 - SYSTEM: 0.002040,0.005049,0.003371,16.400000,16.400000,5.000000
TIME: 1619 - SYSTEM: 0.002040,0.005049,0.003371,16.400000,16.400000,4.200000
TIME: 1720 - SYSTEM: 0.002040,0.005049,0.003371,16.400000,16.400000,3.400000
TIME: 1820 - SYSTEM: 0.002040,0.005049,0.003371,16.400000,11.400000,5.000000
TIME: 1921 - SYSTEM: 0.002040,0.005049,0.003371,16.400000,11.400000,4.200000
TIME: 2022 - SYSTEM: 0.002040,0.005049,0.003371,16.400000,11.400000,3.400000
TIME: 2123 - SYSTEM: 0.002040,0.005049,0.003371,11.400000,16.400000,5.000000
TIME: 2223 - SYSTEM: 0.002040,0.005049,0.003371,11.400000,16.400000,4.200000
TIME: 2324 - SYSTEM: 0.002040,0.005049,0.003371,11.400000,16.400000,3.400000
TIME: 2425 - SYSTEM: 0.002040,0.005049,0.003371,16.400000,16.400000,2.000000
TIME: 2526 - SYSTEM: 0.002040,0.005049,0.003371,16.400000,16.400000,1.200000
TIME: 2626 - SYSTEM: 0.002040,0.005049,0.003371,16.400000,16.400000,0.400000
TIME: 2727 - SYSTEM: 0.002040,0.005049,0.003371,16.400000,11.400000,2.000000
TIME: 2828 - SYSTEM: 0.002040,0.005049,0.003371,16.400000,11.400000,1.200000
TIME: 2928 - SYSTEM: 0.002040,0.005049,0.003371,16.400000,11.400000,0.400000
TIME: 3029 - SYSTEM: 0.002040,0.005049,0.003371,11.400000,16.400000,2.000000
TIME: 3129 - SYSTEM: 0.002040,0.005049,0.003371,11.400000,16.400000,1.200000
TIME: 3230 - SYSTEM: 0.002040,0.005049,0.003371,11.400000,16.400000,0.400000
