TIME: 33.16 - SYSTEM: Path:
0: 7.600000,7.600000,0.800000
1: 7.400000,7.400000,0.600000
2: 7.200000,7.200000,0.400000
3: 7.000000,7.000000,0.400000
4: 6.800000,6.800000,0.400000
5: 6.600000,6.600000,0.400000
6: 6.400000,6.400000,0.400000
7: 6.200000,6.200000,0.400000
8: 6.000000,6.000000,0.400000
9: 5.800000,5.800000,0.400000
10: 5.600000,5.600000,0.400000
11: 5.400000,5.400000,0.400000
12: 5.200000,5.200000,0.400000
13: 5.000000,5.000000,0.400000
14: 4.800000,4.800000,0.400000
15: 4.600000,4.600000,0.400000
16: 4.400000,4.600000,0.400000
17: 4.200000,4.400000,0.400000
18: 4.000000,4.200000,0.400000
19: 3.800000,4.000000,0.400000
20: 3.600000,4.000000,0.400000
21: 3.400000,3.800000,0.400000
22: 3.200000,3.600000,0.400000
23: 3.000000,3.400000,0.400000
24: 2.800000,3.200000,0.400000
25: 2.600000,3.000000,0.400000
26: 2.400000,2.800000,0.400000
27: 2.200000,2.600000,0.400000
28: 2.000000,2.400000,0.400000
29: 1.800000,2.200000,0.400000
30: 1.600000,2.000000,0.400000
31: 1.400000,1.800000,0.400000
32: 1.200000,1.600000,0.400000
33: 1.000000,1.400000,0.400000
34: 0.800000,1.200000,0.400000
35: 0.600000,1.000000,0.400000
36: 0.400000,0.800000,0.400000
37: 0.400000,0.800000,0.200000
38: 0.200000,0.800000,0.200000
39: 0.200000,0.600000,0.200000
40: 0.200000,0.400000,0.200000
41: 0.200000,0.200000,0.200000
TIME: 435 - SYSTEM: Path:
0: 7.600000,7.600000,3.800000
1: 7.800000,7.600000,3.600000
2: 8.000000,7.600000,3.400000
3: 8.200000,7.600000,3.200000
4: 8.400001,7.600000,3.000000
5: 8.400001,7.600000,2.800000
6: 8.400001,7.600000,2.600000
7: 8.400001,7.400000,2.400000
8: 8.200000,7.400000,2.200000
9: 8.000000,7.200000,2.200000
10: 7.800000,7.200000,2.200000
11: 7.600000,7.000000,2.200000
12: 7.400000,6.800000,2.000000
13: 7.200000,6.600000,2.000000
14: 7.000000,6.400000,2.000000
15: 6.800000,6.200000,2.000000
16: 6.600000,6.200000,1.800000
17: 6.400000,6.000000,1.600000
18: 6.200000,5.800000,1.600000
19: 6.000000,5.800000,1.600000
20: 5.800000,5.600000,1.600000
21: 5.600000,5.400000,1.600000
22: 5.400000,5.200000,1.600000
23: 5.200000,5.000000,1.600000
24: 5.000000,4.800000,1.400000
25: 4.800000,4.600000,1.400000
26: 4.600000,4.400000,1.400000
27: 4.400000,4.200000,1.600000
28: 4.200000,4.200000,1.600000
29: 4.000000,4.400000,1.600000
30: 3.800000,4.400000,1.600000
31: 3.600000,4.200000,1.600000
32: 3.400000,4.200000,1.600000
33: 3.200000,4.000000,1.600000
34: 3.200000,3.800000,1.600000
35: 3.000000,3.600000,1.600000
36: 2.800000,3.400000,1.400000
37: 2.600000,3.200000,1.400000
38: 2.400000,3.000000,1.400000
39: 2.200000,2.800000,1.400000
40: 2.000000,2.600000,1.400000
41: 1.800000,2.400000,1.400000
42: 1.600000,2.200000,1.200000
43: 1.400000,2.000000,1.200000
44: 1.200000,1.800000,1.000000
45: 1.400000,1.600000,0.800000
46: 1.200000,1.400000,0.600000
47: 1.000000,1.200000,0.600000
48: 0.800000,1.000000,0.400000
49: 0.800000,1.000000,0.200000
50: 0.800000,0.800000,0.200000
51: 0.800000,0.600000,0.200000
52: 0.600000,0.600000,0.200000
53: 0.600000,0.400000,0.200000
54: 0.400000,0.400000,0.200000
55: 0.400000,0.200000,0.200000
56: 0.200000,0.200000,0.200000
TIME: 502.3 - SYSTEM: Path:
0: 7.600000,7.600000,3.800000
1: 7.800000,7.600000,3.600000
2: 8.000000,7.600000,3.400000
3: 8.200000,7.600000,3.200000
4: 8.400001,7.600000,3.000000
5: 8.400001,7.600000,2.800000
6: 8.400001,7.600000,2.600000
7: 8.400001,7.400000,2.400000
8: 8.200000,7.400000,2.200000
9: 8.000000,7.200000,2.200000
10: 7.800000,7.200000,2.200000
11: 7.600000,7.000000,2.200000
12: 7.400000,6.800000,2.000000
13: 7.200000,6.600000,2.000000
14: 7.000000,6.400000,2.000000
15: 6.800000,6.200000,2.000000
16: 6.600000,6.200000,1.800000
17: 6.400000,6.000000,1.600000
18: 6.200000,5.800000,1.600000
19: 6.000000,5.800000,1.600000
20: 5.800000,5.600000,1.600000
21: 5.600000,5.400000,1.600000
22: 5.400000,5.200000,1.600000
23: 5.200000,5.000000,1.600000
24: 5.000000,4.800000,1.400000
25: 4.800000,4.600000,1.400000
26: 4.600000,4.400000,1.400000
27: 4.400000,4.200000,1.600000
28: 4.200000,4.200000,1.600000
29: 4.000000,4.400000,1.600000
30: 3.800000,4.400000,1.600000
31: 3.600000,4.200000,1.600000
32: 3.400000,4.200000,1.600000
33: 3.200000,4.000000,1.600000
34: 3.200000,3.800000,1.600000
35: 3.000000,3.600000,1.600000
36: 2.800000,3.400000,1.400000
37: 2.600000,3.200000,1.400000
38: 2.400000,3.000000,1.400000
39: 2.200000,2.800000,1.400000
40: 2.000000,2.600000,1.400000
41: 1.800000,2.400000,1.400000
42: 1.600000,2.200000,1.200000
43: 1.400000,2.000000,1.200000
44: 1.200000,1.800000,1.000000
45: 1.400000,1.600000,0.800000
46: 1.200000,1.400000,0.600000
47: 1.000000,1.200000,0.600000
48: 0.800000,1.000000,0.400000
49: 0.800000,1.000000,0.200000
50: 0.800000,0.800000,0.200000
51: 0.800000,0.600000,0.200000
52: 0.600000,0.600000,0.200000
53: 0.600000,0.400000,0.200000
54: 0.400000,0.400000,0.200000
55: 0.400000,0.200000,0.200000
56: 0.200000,0.200000,0.200000
TIME: 572.7 - SYSTEM: Path:
0: 7.600000,7.600000,3.800000
1: 7.800000,7.600000,3.600000
2: 8.000000,7.600000,3.400000
3: 8.200000,7.600000,3.200000
4: 8.400001,7.600000,3.000000
5: 8.400001,7.600000,2.800000
6: 8.400001,7.600000,2.600000
7: 8.400001,7.400000,2.400000
8: 8.200000,7.400000,2.200000
9: 8.000000,7.200000,2.200000
10: 7.800000,7.200000,2.200000
11: 7.600000,7.000000,2.200000
12: 7.400000,6.800000,2.000000
13: 7.200000,6.600000,2.000000
14: 7.000000,6.400000,2.000000
15: 6.800000,6.200000,2.000000
16: 6.600000,6.200000,1.800000
17: 6.400000,6.000000,1.600000
18: 6.200000,5.800000,1.600000
19: 6.000000,5.800000,1.600000
20: 5.800000,5.600000,1.600000
21: 5.600000,5.400000,1.600000
22: 5.400000,5.200000,1.600000
23: 5.200000,5.000000,1.600000
24: 5.000000,4.800000,1.400000
25: 4.800000,4.600000,1.400000
26: 4.600000,4.400000,1.400000
27: 4.400000,4.200000,1.600000
28: 4.200000,4.200000,1.600000
29: 4.000000,4.400000,1.600000
30: 3.800000,4.400000,1.600000
31: 3.600000,4.200000,1.600000
32: 3.400000,4.200000,1.600000
33: 3.200000,4.000000,1.600000
34: 3.200000,3.800000,1.600000
35: 3.000000,3.600000,1.600000
36: 2.800000,3.400000,1.400000
37: 2.600000,3.200000,1.400000
38: 2.400000,3.000000,1.400000
39: 2.200000,2.800000,1.400000
40: 2.000000,2.600000,1.400000
41: 1.800000,2.400000,1.400000
42: 1.600000,2.200000,1.200000
43: 1.400000,2.000000,1.200000
44: 1.200000,1.800000,1.000000
45: 1.400000,1.600000,0.800000
46: 1.200000,1.400000,0.600000
47: 1.000000,1.200000,0.600000
48: 0.800000,1.000000,0.400000
49: 0.800000,1.000000,0.200000
50: 0.800000,0.800000,0.200000
51: 0.800000,0.600000,0.200000
52: 0.600000,0.600000,0.200000
53: 0.600000,0.400000,0.200000
54: 0.400000,0.400000,0.200000
55: 0.400000,0.200000,0.200000
56: 0.200000,0.200000,0.200000
TIME: 631.7 - SYSTEM: Path:
0: 7.600000,7.600000,3.800000
1: 7.800000,7.600000,3.600000
2: 8.000000,7.600000,3.400000
3: 8.200000,7.600000,3.200000
4: 8.400001,7.600000,3.000000
5: 8.400001,7.600000,2.800000
6: 8.400001,7.600000,2.600000
7: 8.400001,7.400000,2.400000
8: 8.200000,7.400000,2.200000
9: 8.000000,7.200000,2.200000
10: 7.800000,7.200000,2.200000
11: 7.600000,7.000000,2.200000
12: 7.400000,6.800000,2.000000
13: 7.200000,6.600000,2.000000
14: 7.000000,6.400000,2.000000
15: 6.800000,6.200000,2.000000
16: 6.600000,6.200000,1.800000
17: 6.400000,6.000000,1.600000
18: 6.200000,5.800000,1.600000
19: 6.000000,5.800000,1.600000
20: 5.800000,5.600000,1.600000
21: 5.600000,5.400000,1.600000
22: 5.400000,5.200000,1.600000
23: 5.200000,5.000000,1.600000
24: 5.000000,4.800000,1.400000
25: 4.800000,4.600000,1.400000
26: 4.600000,4.400000,1.400000
27: 4.400000,4.200000,1.600000
28: 4.200000,4.200000,1.600000
29: 4.000000,4.400000,1.600000
30: 3.800000,4.400000,1.600000
31: 3.600000,4.200000,1.600000
32: 3.400000,4.200000,1.600000
33: 3.200000,4.000000,1.600000
34: 3.200000,3.800000,1.600000
35: 3.000000,3.600000,1.600000
36: 2.800000,3.400000,1.400000
37: 2.600000,3.200000,1.400000
38: 2.400000,3.000000,1.400000
39: 2.200000,2.800000,1.400000
40: 2.000000,2.600000,1.400000
41: 1.800000,2.400000,1.400000
42: 1.600000,2.200000,1.200000
43: 1.400000,2.000000,1.200000
44: 1.200000,1.800000,1.000000
45: 1.400000,1.600000,0.800000
46: 1.200000,1.400000,0.600000
47: 1.000000,1.200000,0.600000
48: 0.800000,1.000000,0.400000
49: 0.800000,1.000000,0.200000
50: 0.800000,0.800000,0.200000
51: 0.800000,0.600000,0.200000
52: 0.600000,0.600000,0.200000
53: 0.600000,0.400000,0.200000
54: 0.400000,0.400000,0.200000
55: 0.400000,0.200000,0.200000
56: 0.200000,0.200000,0.200000
TIME: 710 - SYSTEM: Path:
0: 7.600000,7.600000,3.800000
1: 7.800000,7.600000,3.600000
2: 8.000000,7.600000,3.400000
3: 8.200000,7.600000,3.200000
4: 8.400001,7.600000,3.000000
5: 8.400001,7.600000,2.800000
6: 8.400001,7.600000,2.600000
7: 8.400001,7.400000,2.400000
8: 8.200000,7.400000,2.200000
9: 8.000000,7.200000,2.200000
10: 7.800000,7.200000,2.200000
11: 7.600000,7.000000,2.200000
12: 7.400000,6.800000,2.000000
13: 7.200000,6.600000,2.000000
14: 7.000000,6.400000,2.000000
15: 6.800000,6.200000,2.000000
16: 6.600000,6.200000,1.800000
17: 6.400000,6.000000,1.600000
18: 6.200000,5.800000,1.600000
19: 6.000000,5.800000,1.600000
20: 5.800000,5.600000,1.600000
21: 5.600000,5.400000,1.600000
22: 5.400000,5.200000,1.600000
23: 5.200000,5.000000,1.600000
24: 5.000000,4.800000,1.400000
25: 4.800000,4.600000,1.400000
26: 4.600000,4.400000,1.400000
27: 4.400000,4.200000,1.600000
28: 4.200000,4.200000,1.600000
29: 4.000000,4.400000,1.600000
30: 3.800000,4.400000,1.600000
31: 3.600000,4.200000,1.600000
32: 3.400000,4.200000,1.600000
33: 3.200000,4.000000,1.600000
34: 3.200000,3.800000,1.600000
35: 3.000000,3.600000,1.600000
36: 2.800000,3.400000,1.400000
37: 2.600000,3.200000,1.400000
38: 2.400000,3.000000,1.400000
39: 2.200000,2.800000,1.400000
40: 2.000000,2.600000,1.400000
41: 1.800000,2.400000,1.400000
42: 1.600000,2.200000,1.200000
43: 1.400000,2.000000,1.200000
44: 1.200000,1.800000,1.000000
45: 1.400000,1.600000,0.800000
46: 1.200000,1.400000,0.600000
47: 1.000000,1.200000,0.600000
48: 0.800000,1.000000,0.400000
49: 0.800000,1.000000,0.200000
50: 0.800000,0.800000,0.200000
51: 0.800000,0.600000,0.200000
52: 0.600000,0.600000,0.200000
53: 0.600000,0.400000,0.200000
54: 0.400000,0.400000,0.200000
55: 0.400000,0.200000,0.200000
56: 0.200000,0.200000,0.200000
TIME: 794.1 - SYSTEM: Path:
0: 7.600000,7.600000,3.800000
1: 7.800000,7.600000,3.600000
2: 8.000000,7.600000,3.400000
3: 8.200000,7.600000,3.200000
4: 8.400001,7.600000,3.000000
5: 8.400001,7.600000,2.800000
6: 8.400001,7.600000,2.600000
7: 8.400001,7.400000,2.400000
8: 8.200000,7.400000,2.200000
9: 8.000000,7.200000,2.200000
10: 7.800000,7.200000,2.200000
11: 7.600000,7.000000,2.200000
12: 7.400000,6.800000,2.000000
13: 7.200000,6.600000,2.000000
14: 7.000000,6.400000,2.000000
15: 6.800000,6.200000,2.000000
16: 6.600000,6.200000,1.800000
17: 6.400000,6.000000,1.600000
18: 6.200000,5.800000,1.600000
19: 6.000000,5.800000,1.600000
20: 5.800000,5.600000,1.600000
21: 5.600000,5.400000,1.600000
22: 5.400000,5.200000,1.600000
23: 5.200000,5.000000,1.600000
24: 5.000000,4.800000,1.400000
25: 4.800000,4.600000,1.400000
26: 4.600000,4.400000,1.400000
27: 4.400000,4.200000,1.600000
28: 4.200000,4.200000,1.600000
29: 4.000000,4.400000,1.600000
30: 3.800000,4.400000,1.600000
31: 3.600000,4.200000,1.600000
32: 3.400000,4.200000,1.600000
33: 3.200000,4.000000,1.600000
34: 3.200000,3.800000,1.600000
35: 3.000000,3.600000,1.600000
36: 2.800000,3.400000,1.400000
37: 2.600000,3.200000,1.400000
38: 2.400000,3.000000,1.400000
39: 2.200000,2.800000,1.400000
40: 2.000000,2.600000,1.400000
41: 1.800000,2.400000,1.400000
42: 1.600000,2.200000,1.200000
43: 1.400000,2.000000,1.200000
44: 1.200000,1.800000,1.000000
45: 1.400000,1.600000,0.800000
46: 1.200000,1.400000,0.600000
47: 1.000000,1.200000,0.600000
48: 0.800000,1.000000,0.400000
49: 0.800000,1.000000,0.200000
50: 0.800000,0.800000,0.200000
51: 0.800000,0.600000,0.200000
52: 0.600000,0.600000,0.200000
53: 0.600000,0.400000,0.200000
54: 0.400000,0.400000,0.200000
55: 0.400000,0.200000,0.200000
56: 0.200000,0.200000,0.200000
TIME: 858.5 - SYSTEM: Path:
0: 7.600000,7.600000,3.800000
1: 7.800000,7.600000,3.600000
2: 8.000000,7.600000,3.400000
3: 8.200000,7.600000,3.200000
4: 8.400001,7.600000,3.000000
5: 8.400001,7.600000,2.800000
6: 8.400001,7.600000,2.600000
7: 8.400001,7.400000,2.400000
8: 8.200000,7.400000,2.200000
9: 8.000000,7.200000,2.200000
10: 7.800000,7.200000,2.200000
11: 7.600000,7.000000,2.200000
12: 7.400000,6.800000,2.000000
13: 7.200000,6.600000,2.000000
14: 7.000000,6.400000,2.000000
15: 6.800000,6.200000,2.000000
16: 6.600000,6.200000,1.800000
17: 6.400000,6.000000,1.600000
18: 6.200000,5.800000,1.600000
19: 6.000000,5.800000,1.600000
20: 5.800000,5.600000,1.600000
21: 5.600000,5.400000,1.600000
22: 5.400000,5.200000,1.600000
23: 5.200000,5.000000,1.600000
24: 5.000000,4.800000,1.400000
25: 4.800000,4.600000,1.400000
26: 4.600000,4.400000,1.400000
27: 4.400000,4.200000,1.600000
28: 4.200000,4.200000,1.600000
29: 4.000000,4.400000,1.600000
30: 3.800000,4.400000,1.600000
31: 3.600000,4.200000,1.600000
32: 3.400000,4.200000,1.600000
33: 3.200000,4.000000,1.600000
34: 3.200000,3.800000,1.600000
35: 3.000000,3.600000,1.600000
36: 2.800000,3.400000,1.400000
37: 2.600000,3.200000,1.400000
38: 2.400000,3.000000,1.400000
39: 2.200000,2.800000,1.400000
40: 2.000000,2.600000,1.400000
41: 1.800000,2.400000,1.400000
42: 1.600000,2.200000,1.200000
43: 1.400000,2.000000,1.200000
44: 1.200000,1.800000,1.000000
45: 1.400000,1.600000,0.800000
46: 1.200000,1.400000,0.600000
47: 1.000000,1.200000,0.600000
48: 0.800000,1.000000,0.400000
49: 0.800000,1.000000,0.200000
50: 0.800000,0.800000,0.200000
51: 0.800000,0.600000,0.200000
52: 0.600000,0.600000,0.200000
53: 0.600000,0.400000,0.200000
54: 0.400000,0.400000,0.200000
55: 0.400000,0.200000,0.200000
56: 0.200000,0.200000,0.200000
TIME: 926.7 - SYSTEM: Path:
0: 7.600000,7.600000,3.800000
1: 7.800000,7.600000,3.600000
2: 8.000000,7.600000,3.400000
3: 8.200000,7.600000,3.200000
4: 8.400001,7.600000,3.000000
5: 8.400001,7.600000,2.800000
6: 8.400001,7.600000,2.600000
7: 8.400001,7.400000,2.400000
8: 8.200000,7.400000,2.200000
9: 8.000000,7.200000,2.200000
10: 7.800000,7.200000,2.200000
11: 7.600000,7.000000,2.200000
12: 7.400000,6.800000,2.000000
13: 7.200000,6.600000,2.000000
14: 7.000000,6.400000,2.000000
15: 6.800000,6.200000,2.000000
16: 6.600000,6.200000,1.800000
17: 6.400000,6.000000,1.600000
18: 6.200000,5.800000,1.600000
19: 6.000000,5.800000,1.600000
20: 5.800000,5.600000,1.600000
21: 5.600000,5.400000,1.600000
22: 5.400000,5.200000,1.600000
23: 5.200000,5.000000,1.600000
24: 5.000000,4.800000,1.400000
25: 4.800000,4.600000,1.400000
26: 4.600000,4.400000,1.400000
27: 4.400000,4.200000,1.600000
28: 4.200000,4.200000,1.600000
29: 4.000000,4.400000,1.600000
30: 3.800000,4.400000,1.600000
31: 3.600000,4.200000,1.600000
32: 3.400000,4.200000,1.600000
33: 3.200000,4.000000,1.600000
34: 3.200000,3.800000,1.600000
35: 3.000000,3.600000,1.600000
36: 2.800000,3.400000,1.400000
37: 2.600000,3.200000,1.400000
38: 2.400000,3.000000,1.400000
39: 2.200000,2.800000,1.400000
40: 2.000000,2.600000,1.400000
41: 1.800000,2.400000,1.400000
42: 1.600000,2.200000,1.200000
43: 1.400000,2.000000,1.200000
44: 1.200000,1.800000,1.000000
45: 1.400000,1.600000,0.800000
46: 1.200000,1.400000,0.600000
47: 1.000000,1.200000,0.600000
48: 0.800000,1.000000,0.400000
49: 0.800000,1.000000,0.200000
50: 0.800000,0.800000,0.200000
51: 0.800000,0.600000,0.200000
52: 0.600000,0.600000,0.200000
53: 0.600000,0.400000,0.200000
54: 0.400000,0.400000,0.200000
55: 0.400000,0.200000,0.200000
56: 0.200000,0.200000,0.200000
TIME: 987.9 - SYSTEM: Path:
0: 7.600000,7.600000,3.800000
1: 7.800000,7.600000,3.600000
2: 8.000000,7.600000,3.400000
3: 8.200000,7.600000,3.200000
4: 8.400001,7.600000,3.000000
5: 8.400001,7.600000,2.800000
6: 8.400001,7.600000,2.600000
7: 8.400001,7.400000,2.400000
8: 8.200000,7.400000,2.200000
9: 8.000000,7.200000,2.200000
10: 7.800000,7.200000,2.200000
11: 7.600000,7.000000,2.200000
12: 7.400000,6.800000,2.000000
13: 7.200000,6.600000,2.000000
14: 7.000000,6.400000,2.000000
15: 6.800000,6.200000,2.000000
16: 6.600000,6.200000,1.800000
17: 6.400000,6.000000,1.600000
18: 6.200000,5.800000,1.600000
19: 6.000000,5.800000,1.600000
20: 5.800000,5.600000,1.600000
21: 5.600000,5.400000,1.600000
22: 5.400000,5.200000,1.600000
23: 5.200000,5.000000,1.600000
24: 5.000000,4.800000,1.400000
25: 4.800000,4.600000,1.400000
26: 4.600000,4.400000,1.400000
27: 4.400000,4.200000,1.600000
28: 4.200000,4.200000,1.600000
29: 4.000000,4.400000,1.600000
30: 3.800000,4.400000,1.600000
31: 3.600000,4.200000,1.600000
32: 3.400000,4.200000,1.600000
33: 3.200000,4.000000,1.600000
34: 3.200000,3.800000,1.600000
35: 3.000000,3.600000,1.600000
36: 2.800000,3.400000,1.400000
37: 2.600000,3.200000,1.400000
38: 2.400000,3.000000,1.400000
39: 2.200000,2.800000,1.400000
40: 2.000000,2.600000,1.400000
41: 1.800000,2.400000,1.400000
42: 1.600000,2.200000,1.200000
43: 1.400000,2.000000,1.200000
44: 1.200000,1.800000,1.000000
45: 1.400000,1.600000,0.800000
46: 1.200000,1.400000,0.600000
47: 1.000000,1.200000,0.600000
48: 0.800000,1.000000,0.400000
49: 0.800000,1.000000,0.200000
50: 0.800000,0.800000,0.200000
51: 0.800000,0.600000,0.200000
52: 0.600000,0.600000,0.200000
53: 0.600000,0.400000,0.200000
54: 0.400000,0.400000,0.200000
55: 0.400000,0.200000,0.200000
56: 0.200000,0.200000,0.200000
TIME: 1061 - SYSTEM: Path:
0: 7.600000,7.600000,3.800000
1: 7.800000,7.600000,3.600000
2: 8.000000,7.600000,3.400000
3: 8.200000,7.600000,3.200000
4: 8.400001,7.600000,3.000000
5: 8.400001,7.600000,2.800000
6: 8.400001,7.600000,2.600000
7: 8.400001,7.400000,2.400000
8: 8.200000,7.400000,2.200000
9: 8.000000,7.200000,2.200000
10: 7.800000,7.200000,2.200000
11: 7.600000,7.000000,2.200000
12: 7.400000,6.800000,2.000000
13: 7.200000,6.600000,2.000000
14: 7.000000,6.400000,2.000000
15: 6.800000,6.200000,2.000000
16: 6.600000,6.200000,1.800000
17: 6.400000,6.000000,1.600000
18: 6.200000,5.800000,1.600000
19: 6.000000,5.800000,1.600000
20: 5.800000,5.600000,1.600000
21: 5.600000,5.400000,1.600000
22: 5.400000,5.200000,1.600000
23: 5.200000,5.000000,1.600000
24: 5.000000,4.800000,1.400000
25: 4.800000,4.600000,1.400000
26: 4.600000,4.400000,1.400000
27: 4.400000,4.200000,1.600000
28: 4.200000,4.200000,1.600000
29: 4.000000,4.400000,1.600000
30: 3.800000,4.400000,1.600000
31: 3.600000,4.200000,1.600000
32: 3.400000,4.200000,1.600000
33: 3.200000,4.000000,1.600000
34: 3.200000,3.800000,1.600000
35: 3.000000,3.600000,1.600000
36: 2.800000,3.400000,1.400000
37: 2.600000,3.200000,1.400000
38: 2.400000,3.000000,1.400000
39: 2.200000,2.800000,1.400000
40: 2.000000,2.600000,1.400000
41: 1.800000,2.400000,1.400000
42: 1.600000,2.200000,1.200000
43: 1.400000,2.000000,1.200000
44: 1.200000,1.800000,1.000000
45: 1.400000,1.600000,0.800000
46: 1.200000,1.400000,0.600000
47: 1.000000,1.200000,0.600000
48: 0.800000,1.000000,0.400000
49: 0.800000,1.000000,0.200000
50: 0.800000,0.800000,0.200000
51: 0.800000,0.600000,0.200000
52: 0.600000,0.600000,0.200000
53: 0.600000,0.400000,0.200000
54: 0.400000,0.400000,0.200000
55: 0.400000,0.200000,0.200000
56: 0.200000,0.200000,0.200000
TIME: 1122 - SYSTEM: Path:
0: 7.600000,7.600000,3.800000
1: 7.800000,7.600000,3.600000
2: 8.000000,7.600000,3.400000
3: 8.200000,7.600000,3.200000
4: 8.400001,7.600000,3.000000
5: 8.400001,7.600000,2.800000
6: 8.400001,7.600000,2.600000
7: 8.400001,7.400000,2.400000
8: 8.200000,7.400000,2.200000
9: 8.000000,7.200000,2.200000
10: 7.800000,7.200000,2.200000
11: 7.600000,7.000000,2.200000
12: 7.400000,6.800000,2.000000
13: 7.200000,6.600000,2.000000
14: 7.000000,6.400000,2.000000
15: 6.800000,6.200000,2.000000
16: 6.600000,6.200000,1.800000
17: 6.400000,6.000000,1.600000
18: 6.200000,5.800000,1.600000
19: 6.000000,5.800000,1.600000
20: 5.800000,5.600000,1.600000
21: 5.600000,5.400000,1.600000
22: 5.400000,5.200000,1.600000
23: 5.200000,5.000000,1.600000
24: 5.000000,4.800000,1.400000
25: 4.800000,4.600000,1.400000
26: 4.600000,4.400000,1.400000
27: 4.400000,4.200000,1.600000
28: 4.200000,4.200000,1.600000
29: 4.000000,4.400000,1.600000
30: 3.800000,4.400000,1.600000
31: 3.600000,4.200000,1.600000
32: 3.400000,4.200000,1.600000
33: 3.200000,4.000000,1.600000
34: 3.200000,3.800000,1.600000
35: 3.000000,3.600000,1.600000
36: 2.800000,3.400000,1.400000
37: 2.600000,3.200000,1.400000
38: 2.400000,3.000000,1.400000
39: 2.200000,2.800000,1.400000
40: 2.000000,2.600000,1.400000
41: 1.800000,2.400000,1.400000
42: 1.600000,2.200000,1.200000
43: 1.400000,2.000000,1.200000
44: 1.200000,1.800000,1.000000
45: 1.400000,1.600000,0.800000
46: 1.200000,1.400000,0.600000
47: 1.000000,1.200000,0.600000
48: 0.800000,1.000000,0.400000
49: 0.800000,1.000000,0.200000
50: 0.800000,0.800000,0.200000
51: 0.800000,0.600000,0.200000
52: 0.600000,0.600000,0.200000
53: 0.600000,0.400000,0.200000
54: 0.400000,0.400000,0.200000
55: 0.400000,0.200000,0.200000
56: 0.200000,0.200000,0.200000
TIME: 1200 - SYSTEM: Path:
0: 7.600000,7.600000,3.800000
1: 7.800000,7.600000,3.600000
2: 8.000000,7.600000,3.400000
3: 8.200000,7.600000,3.200000
4: 8.400001,7.600000,3.000000
5: 8.400001,7.600000,2.800000
6: 8.400001,7.600000,2.600000
7: 8.400001,7.400000,2.400000
8: 8.200000,7.400000,2.200000
9: 8.000000,7.200000,2.200000
10: 7.800000,7.200000,2.200000
11: 7.600000,7.000000,2.200000
12: 7.400000,6.800000,2.000000
13: 7.200000,6.600000,2.000000
14: 7.000000,6.400000,2.000000
15: 6.800000,6.200000,2.000000
16: 6.600000,6.200000,1.800000
17: 6.400000,6.000000,1.600000
18: 6.200000,5.800000,1.600000
19: 6.000000,5.800000,1.600000
20: 5.800000,5.600000,1.600000
21: 5.600000,5.400000,1.600000
22: 5.400000,5.200000,1.600000
23: 5.200000,5.000000,1.600000
24: 5.000000,4.800000,1.400000
25: 4.800000,4.600000,1.400000
26: 4.600000,4.400000,1.400000
27: 4.400000,4.200000,1.600000
28: 4.200000,4.200000,1.600000
29: 4.000000,4.400000,1.600000
30: 3.800000,4.400000,1.600000
31: 3.600000,4.200000,1.600000
32: 3.400000,4.200000,1.600000
33: 3.200000,4.000000,1.600000
34: 3.200000,3.800000,1.600000
35: 3.000000,3.600000,1.600000
36: 2.800000,3.400000,1.400000
37: 2.600000,3.200000,1.400000
38: 2.400000,3.000000,1.400000
39: 2.200000,2.800000,1.400000
40: 2.000000,2.600000,1.400000
41: 1.800000,2.400000,1.400000
42: 1.600000,2.200000,1.200000
43: 1.400000,2.000000,1.200000
44: 1.200000,1.800000,1.000000
45: 1.400000,1.600000,0.800000
46: 1.200000,1.400000,0.600000
47: 1.000000,1.200000,0.600000
48: 0.800000,1.000000,0.400000
49: 0.800000,1.000000,0.200000
50: 0.800000,0.800000,0.200000
51: 0.800000,0.600000,0.200000
52: 0.600000,0.600000,0.200000
53: 0.600000,0.400000,0.200000
54: 0.400000,0.400000,0.200000
55: 0.400000,0.200000,0.200000
56: 0.200000,0.200000,0.200000
TIME: 1261 - SYSTEM: Path:
0: 7.600000,7.600000,3.800000
1: 7.800000,7.600000,3.600000
2: 8.000000,7.600000,3.400000
3: 8.200000,7.600000,3.200000
4: 8.400001,7.600000,3.000000
5: 8.400001,7.600000,2.800000
6: 8.400001,7.600000,2.600000
7: 8.400001,7.400000,2.400000
8: 8.200000,7.400000,2.200000
9: 8.000000,7.200000,2.200000
10: 7.800000,7.200000,2.200000
11: 7.600000,7.000000,2.200000
12: 7.400000,6.800000,2.000000
13: 7.200000,6.600000,2.000000
14: 7.000000,6.400000,2.000000
15: 6.800000,6.200000,2.000000
16: 6.600000,6.200000,1.800000
17: 6.400000,6.000000,1.600000
18: 6.200000,5.800000,1.600000
19: 6.000000,5.800000,1.600000
20: 5.800000,5.600000,1.600000
21: 5.600000,5.400000,1.600000
22: 5.400000,5.200000,1.600000
23: 5.200000,5.000000,1.600000
24: 5.000000,4.800000,1.400000
25: 4.800000,4.600000,1.400000
26: 4.600000,4.400000,1.400000
27: 4.400000,4.200000,1.600000
28: 4.200000,4.200000,1.600000
29: 4.000000,4.400000,1.600000
30: 3.800000,4.400000,1.600000
31: 3.600000,4.200000,1.600000
32: 3.400000,4.200000,1.600000
33: 3.200000,4.000000,1.600000
34: 3.200000,3.800000,1.600000
35: 3.000000,3.600000,1.600000
36: 2.800000,3.400000,1.400000
37: 2.600000,3.200000,1.400000
38: 2.400000,3.000000,1.400000
39: 2.200000,2.800000,1.400000
40: 2.000000,2.600000,1.400000
41: 1.800000,2.400000,1.400000
42: 1.600000,2.200000,1.200000
43: 1.400000,2.000000,1.200000
44: 1.200000,1.800000,1.000000
45: 1.400000,1.600000,0.800000
46: 1.200000,1.400000,0.600000
47: 1.000000,1.200000,0.600000
48: 0.800000,1.000000,0.400000
49: 0.800000,1.000000,0.200000
50: 0.800000,0.800000,0.200000
51: 0.800000,0.600000,0.200000
52: 0.600000,0.600000,0.200000
53: 0.600000,0.400000,0.200000
54: 0.400000,0.400000,0.200000
55: 0.400000,0.200000,0.200000
56: 0.200000,0.200000,0.200000
TIME: 1321 - SYSTEM: Path:
0: 7.600000,7.600000,3.800000
1: 7.800000,7.600000,3.600000
2: 8.000000,7.600000,3.400000
3: 8.200000,7.600000,3.200000
4: 8.400001,7.600000,3.000000
5: 8.400001,7.600000,2.800000
6: 8.400001,7.600000,2.600000
7: 8.400001,7.400000,2.400000
8: 8.200000,7.400000,2.200000
9: 8.000000,7.200000,2.200000
10: 7.800000,7.200000,2.200000
11: 7.600000,7.000000,2.200000
12: 7.400000,6.800000,2.000000
13: 7.200000,6.600000,2.000000
14: 7.000000,6.400000,2.000000
15: 6.800000,6.200000,2.000000
16: 6.600000,6.200000,1.800000
17: 6.400000,6.000000,1.600000
18: 6.200000,5.800000,1.600000
19: 6.000000,5.800000,1.600000
20: 5.800000,5.600000,1.600000
21: 5.600000,5.400000,1.600000
22: 5.400000,5.200000,1.600000
23: 5.200000,5.000000,1.600000
24: 5.000000,4.800000,1.400000
25: 4.800000,4.600000,1.400000
26: 4.600000,4.400000,1.400000
27: 4.400000,4.200000,1.600000
28: 4.200000,4.200000,1.600000
29: 4.000000,4.400000,1.600000
30: 3.800000,4.400000,1.600000
31: 3.600000,4.200000,1.600000
32: 3.400000,4.200000,1.600000
33: 3.200000,4.000000,1.600000
34: 3.200000,3.800000,1.600000
35: 3.000000,3.600000,1.600000
36: 2.800000,3.400000,1.400000
37: 2.600000,3.200000,1.400000
38: 2.400000,3.000000,1.400000
39: 2.200000,2.800000,1.400000
40: 2.000000,2.600000,1.400000
41: 1.800000,2.400000,1.400000
42: 1.600000,2.200000,1.200000
43: 1.400000,2.000000,1.200000
44: 1.200000,1.800000,1.000000
45: 1.400000,1.600000,0.800000
46: 1.200000,1.400000,0.600000
47: 1.000000,1.200000,0.600000
48: 0.800000,1.000000,0.400000
49: 0.800000,1.000000,0.200000
50: 0.800000,0.800000,0.200000
51: 0.800000,0.600000,0.200000
52: 0.600000,0.600000,0.200000
53: 0.600000,0.400000,0.200000
54: 0.400000,0.400000,0.200000
55: 0.400000,0.200000,0.200000
56: 0.200000,0.200000,0.200000
TIME: 1381 - SYSTEM: Path:
0: 7.600000,7.600000,3.800000
1: 7.800000,7.600000,3.600000
2: 8.000000,7.600000,3.400000
3: 8.200000,7.600000,3.200000
4: 8.400001,7.600000,3.000000
5: 8.400001,7.600000,2.800000
6: 8.400001,7.600000,2.600000
7: 8.400001,7.400000,2.400000
8: 8.200000,7.400000,2.200000
9: 8.000000,7.200000,2.200000
10: 7.800000,7.200000,2.200000
11: 7.600000,7.000000,2.200000
12: 7.400000,6.800000,2.000000
13: 7.200000,6.600000,2.000000
14: 7.000000,6.400000,2.000000
15: 6.800000,6.200000,2.000000
16: 6.600000,6.200000,1.800000
17: 6.400000,6.000000,1.600000
18: 6.200000,5.800000,1.600000
19: 6.000000,5.800000,1.600000
20: 5.800000,5.600000,1.600000
21: 5.600000,5.400000,1.600000
22: 5.400000,5.200000,1.600000
23: 5.200000,5.000000,1.600000
24: 5.000000,4.800000,1.400000
25: 4.800000,4.600000,1.400000
26: 4.600000,4.400000,1.400000
27: 4.400000,4.200000,1.600000
28: 4.200000,4.200000,1.600000
29: 4.000000,4.400000,1.600000
30: 3.800000,4.400000,1.600000
31: 3.600000,4.200000,1.600000
32: 3.400000,4.200000,1.600000
33: 3.200000,4.000000,1.600000
34: 3.200000,3.800000,1.600000
35: 3.000000,3.600000,1.600000
36: 2.800000,3.400000,1.400000
37: 2.600000,3.200000,1.400000
38: 2.400000,3.000000,1.400000
39: 2.200000,2.800000,1.400000
40: 2.000000,2.600000,1.400000
41: 1.800000,2.400000,1.400000
42: 1.600000,2.200000,1.200000
43: 1.400000,2.000000,1.200000
44: 1.200000,1.800000,1.000000
45: 1.400000,1.600000,0.800000
46: 1.200000,1.400000,0.600000
47: 1.000000,1.200000,0.600000
48: 0.800000,1.000000,0.400000
49: 0.800000,1.000000,0.200000
50: 0.800000,0.800000,0.200000
51: 0.800000,0.600000,0.200000
52: 0.600000,0.600000,0.200000
53: 0.600000,0.400000,0.200000
54: 0.400000,0.400000,0.200000
55: 0.400000,0.200000,0.200000
56: 0.200000,0.200000,0.200000
TIME: 1442 - SYSTEM: Path:
0: 7.600000,7.600000,3.800000
1: 7.800000,7.600000,3.600000
2: 8.000000,7.600000,3.400000
3: 8.200000,7.600000,3.200000
4: 8.400001,7.600000,3.000000
5: 8.400001,7.600000,2.800000
6: 8.400001,7.600000,2.600000
7: 8.400001,7.400000,2.400000
8: 8.200000,7.400000,2.200000
9: 8.000000,7.200000,2.200000
10: 7.800000,7.200000,2.200000
11: 7.600000,7.000000,2.200000
12: 7.400000,6.800000,2.000000
13: 7.200000,6.600000,2.000000
14: 7.000000,6.400000,2.000000
15: 6.800000,6.200000,2.000000
16: 6.600000,6.200000,1.800000
17: 6.400000,6.000000,1.600000
18: 6.200000,5.800000,1.600000
19: 6.000000,5.800000,1.600000
20: 5.800000,5.600000,1.600000
21: 5.600000,5.400000,1.600000
22: 5.400000,5.200000,1.600000
23: 5.200000,5.000000,1.600000
24: 5.000000,4.800000,1.400000
25: 4.800000,4.600000,1.400000
26: 4.600000,4.400000,1.400000
27: 4.400000,4.200000,1.600000
28: 4.200000,4.200000,1.600000
29: 4.000000,4.400000,1.600000
30: 3.800000,4.400000,1.600000
31: 3.600000,4.200000,1.600000
32: 3.400000,4.200000,1.600000
33: 3.200000,4.000000,1.600000
34: 3.200000,3.800000,1.600000
35: 3.000000,3.600000,1.600000
36: 2.800000,3.400000,1.400000
37: 2.600000,3.200000,1.400000
38: 2.400000,3.000000,1.400000
39: 2.200000,2.800000,1.400000
40: 2.000000,2.600000,1.400000
41: 1.800000,2.400000,1.400000
42: 1.600000,2.200000,1.200000
43: 1.400000,2.000000,1.200000
44: 1.200000,1.800000,1.000000
45: 1.400000,1.600000,0.800000
46: 1.200000,1.400000,0.600000
47: 1.000000,1.200000,0.600000
48: 0.800000,1.000000,0.400000
49: 0.800000,1.000000,0.200000
50: 0.800000,0.800000,0.200000
51: 0.800000,0.600000,0.200000
52: 0.600000,0.600000,0.200000
53: 0.600000,0.400000,0.200000
54: 0.400000,0.400000,0.200000
55: 0.400000,0.200000,0.200000
56: 0.200000,0.200000,0.200000
TIME: 1511 - SYSTEM: Path:
0: 7.600000,7.600000,3.800000
1: 7.800000,7.600000,3.600000
2: 8.000000,7.600000,3.400000
3: 8.200000,7.600000,3.200000
4: 8.400001,7.600000,3.000000
5: 8.400001,7.600000,2.800000
6: 8.400001,7.600000,2.600000
7: 8.400001,7.400000,2.400000
8: 8.200000,7.400000,2.200000
9: 8.000000,7.200000,2.200000
10: 7.800000,7.200000,2.200000
11: 7.600000,7.000000,2.200000
12: 7.400000,6.800000,2.000000
13: 7.200000,6.600000,2.000000
14: 7.000000,6.400000,2.000000
15: 6.800000,6.200000,2.000000
16: 6.600000,6.200000,1.800000
17: 6.400000,6.000000,1.600000
18: 6.200000,5.800000,1.600000
19: 6.000000,5.800000,1.600000
20: 5.800000,5.600000,1.600000
21: 5.600000,5.400000,1.600000
22: 5.400000,5.200000,1.600000
23: 5.200000,5.000000,1.600000
24: 5.000000,4.800000,1.400000
25: 4.800000,4.600000,1.400000
26: 4.600000,4.400000,1.400000
27: 4.400000,4.200000,1.600000
28: 4.200000,4.200000,1.600000
29: 4.000000,4.400000,1.600000
30: 3.800000,4.400000,1.600000
31: 3.600000,4.200000,1.600000
32: 3.400000,4.200000,1.600000
33: 3.200000,4.000000,1.600000
34: 3.200000,3.800000,1.600000
35: 3.000000,3.600000,1.600000
36: 2.800000,3.400000,1.400000
37: 2.600000,3.200000,1.400000
38: 2.400000,3.000000,1.400000
39: 2.200000,2.800000,1.400000
40: 2.000000,2.600000,1.400000
41: 1.800000,2.400000,1.400000
42: 1.600000,2.200000,1.200000
43: 1.400000,2.000000,1.200000
44: 1.200000,1.800000,1.000000
45: 1.400000,1.600000,0.800000
46: 1.200000,1.400000,0.600000
47: 1.000000,1.200000,0.600000
48: 0.800000,1.000000,0.400000
49: 0.800000,1.000000,0.200000
50: 0.800000,0.800000,0.200000
51: 0.800000,0.600000,0.200000
52: 0.600000,0.600000,0.200000
53: 0.600000,0.400000,0.200000
54: 0.400000,0.400000,0.200000
55: 0.400000,0.200000,0.200000
56: 0.200000,0.200000,0.200000
TIME: 1576 - SYSTEM: Path:
0: 7.600000,7.600000,3.800000
1: 7.800000,7.600000,3.600000
2: 8.000000,7.600000,3.400000
3: 8.200000,7.600000,3.200000
4: 8.400001,7.600000,3.000000
5: 8.400001,7.600000,2.800000
6: 8.400001,7.600000,2.600000
7: 8.400001,7.400000,2.400000
8: 8.200000,7.400000,2.200000
9: 8.000000,7.200000,2.200000
10: 7.800000,7.200000,2.200000
11: 7.600000,7.000000,2.200000
12: 7.400000,6.800000,2.000000
13: 7.200000,6.600000,2.000000
14: 7.000000,6.400000,2.000000
15: 6.800000,6.200000,2.000000
16: 6.600000,6.200000,1.800000
17: 6.400000,6.000000,1.600000
18: 6.200000,5.800000,1.600000
19: 6.000000,5.800000,1.600000
20: 5.800000,5.600000,1.600000
21: 5.600000,5.400000,1.600000
22: 5.400000,5.200000,1.600000
23: 5.200000,5.000000,1.600000
24: 5.000000,4.800000,1.400000
25: 4.800000,4.600000,1.400000
26: 4.600000,4.400000,1.400000
27: 4.400000,4.200000,1.600000
28: 4.200000,4.200000,1.600000
29: 4.000000,4.400000,1.600000
30: 3.800000,4.400000,1.600000
31: 3.600000,4.200000,1.600000
32: 3.400000,4.200000,1.600000
33: 3.200000,4.000000,1.600000
34: 3.200000,3.800000,1.600000
35: 3.000000,3.600000,1.600000
36: 2.800000,3.400000,1.400000
37: 2.600000,3.200000,1.400000
38: 2.400000,3.000000,1.400000
39: 2.200000,2.800000,1.400000
40: 2.000000,2.600000,1.400000
41: 1.800000,2.400000,1.400000
42: 1.600000,2.200000,1.200000
43: 1.400000,2.000000,1.200000
44: 1.200000,1.800000,1.000000
45: 1.400000,1.600000,0.800000
46: 1.200000,1.400000,0.600000
47: 1.000000,1.200000,0.600000
48: 0.800000,1.000000,0.400000
49: 0.800000,1.000000,0.200000
50: 0.800000,0.800000,0.200000
51: 0.800000,0.600000,0.200000
52: 0.600000,0.600000,0.200000
53: 0.600000,0.400000,0.200000
54: 0.400000,0.400000,0.200000
55: 0.400000,0.200000,0.200000
56: 0.200000,0.200000,0.200000
TIME: 1635 - SYSTEM: Path:
0: 7.600000,7.600000,3.800000
1: 7.800000,7.600000,3.600000
2: 8.000000,7.600000,3.400000
3: 8.200000,7.600000,3.200000
4: 8.400001,7.600000,3.000000
5: 8.400001,7.600000,2.800000
6: 8.400001,7.600000,2.600000
7: 8.400001,7.400000,2.400000
8: 8.200000,7.400000,2.200000
9: 8.000000,7.200000,2.200000
10: 7.800000,7.200000,2.200000
11: 7.600000,7.000000,2.200000
12: 7.400000,6.800000,2.000000
13: 7.200000,6.600000,2.000000
14: 7.000000,6.400000,2.000000
15: 6.800000,6.200000,2.000000
16: 6.600000,6.200000,1.800000
17: 6.400000,6.000000,1.600000
18: 6.200000,5.800000,1.600000
19: 6.000000,5.800000,1.600000
20: 5.800000,5.600000,1.600000
21: 5.600000,5.400000,1.600000
22: 5.400000,5.200000,1.600000
23: 5.200000,5.000000,1.600000
24: 5.000000,4.800000,1.400000
25: 4.800000,4.600000,1.400000
26: 4.600000,4.400000,1.400000
27: 4.400000,4.200000,1.600000
28: 4.200000,4.200000,1.600000
29: 4.000000,4.400000,1.600000
30: 3.800000,4.400000,1.600000
31: 3.600000,4.200000,1.600000
32: 3.400000,4.200000,1.600000
33: 3.200000,4.000000,1.600000
34: 3.200000,3.800000,1.600000
35: 3.000000,3.600000,1.600000
36: 2.800000,3.400000,1.400000
37: 2.600000,3.200000,1.400000
38: 2.400000,3.000000,1.400000
39: 2.200000,2.800000,1.400000
40: 2.000000,2.600000,1.400000
41: 1.800000,2.400000,1.400000
42: 1.600000,2.200000,1.200000
43: 1.400000,2.000000,1.200000
44: 1.200000,1.800000,1.000000
45: 1.400000,1.600000,0.800000
46: 1.200000,1.400000,0.600000
47: 1.000000,1.200000,0.600000
48: 0.800000,1.000000,0.400000
49: 0.800000,1.000000,0.200000
50: 0.800000,0.800000,0.200000
51: 0.800000,0.600000,0.200000
52: 0.600000,0.600000,0.200000
53: 0.600000,0.400000,0.200000
54: 0.400000,0.400000,0.200000
55: 0.400000,0.200000,0.200000
56: 0.200000,0.200000,0.200000
TIME: 1696 - SYSTEM: Path:
0: 7.600000,7.600000,3.800000
1: 7.800000,7.600000,3.600000
2: 8.000000,7.600000,3.400000
3: 8.200000,7.600000,3.200000
4: 8.400001,7.600000,3.000000
5: 8.400001,7.600000,2.800000
6: 8.400001,7.600000,2.600000
7: 8.400001,7.400000,2.400000
8: 8.200000,7.400000,2.200000
9: 8.000000,7.200000,2.200000
10: 7.800000,7.200000,2.200000
11: 7.600000,7.000000,2.200000
12: 7.400000,6.800000,2.000000
13: 7.200000,6.600000,2.000000
14: 7.000000,6.400000,2.000000
15: 6.800000,6.200000,2.000000
16: 6.600000,6.200000,1.800000
17: 6.400000,6.000000,1.600000
18: 6.200000,5.800000,1.600000
19: 6.000000,5.800000,1.600000
20: 5.800000,5.600000,1.600000
21: 5.600000,5.400000,1.600000
22: 5.400000,5.200000,1.600000
23: 5.200000,5.000000,1.600000
24: 5.000000,4.800000,1.400000
25: 4.800000,4.600000,1.400000
26: 4.600000,4.400000,1.400000
27: 4.400000,4.200000,1.600000
28: 4.200000,4.200000,1.600000
29: 4.000000,4.400000,1.600000
30: 3.800000,4.400000,1.600000
31: 3.600000,4.200000,1.600000
32: 3.400000,4.200000,1.600000
33: 3.200000,4.000000,1.600000
34: 3.200000,3.800000,1.600000
35: 3.000000,3.600000,1.600000
36: 2.800000,3.400000,1.400000
37: 2.600000,3.200000,1.400000
38: 2.400000,3.000000,1.400000
39: 2.200000,2.800000,1.400000
40: 2.000000,2.600000,1.400000
41: 1.800000,2.400000,1.400000
42: 1.600000,2.200000,1.200000
43: 1.400000,2.000000,1.200000
44: 1.200000,1.800000,1.000000
45: 1.400000,1.600000,0.800000
46: 1.200000,1.400000,0.600000
47: 1.000000,1.200000,0.600000
48: 0.800000,1.000000,0.400000
49: 0.800000,1.000000,0.200000
50: 0.800000,0.800000,0.200000
51: 0.800000,0.600000,0.200000
52: 0.600000,0.600000,0.200000
53: 0.600000,0.400000,0.200000
54: 0.400000,0.400000,0.200000
55: 0.400000,0.200000,0.200000
56: 0.200000,0.200000,0.200000
TIME: 1763 - SYSTEM: Path:
0: 7.600000,7.600000,3.800000
1: 7.800000,7.600000,3.600000
2: 8.000000,7.600000,3.400000
3: 8.200000,7.600000,3.200000
4: 8.400001,7.600000,3.000000
5: 8.400001,7.600000,2.800000
6: 8.400001,7.600000,2.600000
7: 8.400001,7.400000,2.400000
8: 8.200000,7.400000,2.200000
9: 8.000000,7.200000,2.200000
10: 7.800000,7.200000,2.200000
11: 7.600000,7.000000,2.200000
12: 7.400000,6.800000,2.000000
13: 7.200000,6.600000,2.000000
14: 7.000000,6.400000,2.000000
15: 6.800000,6.200000,2.000000
16: 6.600000,6.200000,1.800000
17: 6.400000,6.000000,1.600000
18: 6.200000,5.800000,1.600000
19: 6.000000,5.800000,1.600000
20: 5.800000,5.600000,1.600000
21: 5.600000,5.400000,1.600000
22: 5.400000,5.200000,1.600000
23: 5.200000,5.000000,1.600000
24: 5.000000,4.800000,1.400000
25: 4.800000,4.600000,1.400000
26: 4.600000,4.400000,1.400000
27: 4.400000,4.200000,1.600000
28: 4.200000,4.200000,1.600000
29: 4.000000,4.400000,1.600000
30: 3.800000,4.400000,1.600000
31: 3.600000,4.200000,1.600000
32: 3.400000,4.200000,1.600000
33: 3.200000,4.000000,1.600000
34: 3.200000,3.800000,1.600000
35: 3.000000,3.600000,1.600000
36: 2.800000,3.400000,1.400000
37: 2.600000,3.200000,1.400000
38: 2.400000,3.000000,1.400000
39: 2.200000,2.800000,1.400000
40: 2.000000,2.600000,1.400000
41: 1.800000,2.400000,1.400000
42: 1.600000,2.200000,1.200000
43: 1.400000,2.000000,1.200000
44: 1.200000,1.800000,1.000000
45: 1.400000,1.600000,0.800000
46: 1.200000,1.400000,0.600000
47: 1.000000,1.200000,0.600000
48: 0.800000,1.000000,0.400000
49: 0.800000,1.000000,0.200000
50: 0.800000,0.800000,0.200000
51: 0.800000,0.600000,0.200000
52: 0.600000,0.600000,0.200000
53: 0.600000,0.400000,0.200000
54: 0.400000,0.400000,0.200000
55: 0.400000,0.200000,0.200000
56: 0.200000,0.200000,0.200000
TIME: 1821 - SYSTEM: Path:
0: 7.600000,7.600000,3.800000
1: 7.800000,7.600000,3.600000
2: 8.000000,7.600000,3.400000
3: 8.200000,7.600000,3.200000
4: 8.400001,7.600000,3.000000
5: 8.400001,7.600000,2.800000
6: 8.400001,7.600000,2.600000
7: 8.400001,7.400000,2.400000
8: 8.200000,7.400000,2.200000
9: 8.000000,7.200000,2.200000
10: 7.800000,7.200000,2.200000
11: 7.600000,7.000000,2.200000
12: 7.400000,6.800000,2.000000
13: 7.200000,6.600000,2.000000
14: 7.000000,6.400000,2.000000
15: 6.800000,6.200000,2.000000
16: 6.600000,6.200000,1.800000
17: 6.400000,6.000000,1.600000
18: 6.200000,5.800000,1.600000
19: 6.000000,5.800000,1.600000
20: 5.800000,5.600000,1.600000
21: 5.600000,5.400000,1.600000
22: 5.400000,5.200000,1.600000
23: 5.200000,5.000000,1.600000
24: 5.000000,4.800000,1.400000
25: 4.800000,4.600000,1.400000
26: 4.600000,4.400000,1.400000
27: 4.400000,4.200000,1.600000
28: 4.200000,4.200000,1.600000
29: 4.000000,4.400000,1.600000
30: 3.800000,4.400000,1.600000
31: 3.600000,4.200000,1.600000
32: 3.400000,4.200000,1.600000
33: 3.200000,4.000000,1.600000
34: 3.200000,3.800000,1.600000
35: 3.000000,3.600000,1.600000
36: 2.800000,3.400000,1.400000
37: 2.600000,3.200000,1.400000
38: 2.400000,3.000000,1.400000
39: 2.200000,2.800000,1.400000
40: 2.000000,2.600000,1.400000
41: 1.800000,2.400000,1.400000
42: 1.600000,2.200000,1.200000
43: 1.400000,2.000000,1.200000
44: 1.200000,1.800000,1.000000
45: 1.400000,1.600000,0.800000
46: 1.200000,1.400000,0.600000
47: 1.000000,1.200000,0.600000
48: 0.800000,1.000000,0.400000
49: 0.800000,1.000000,0.200000
50: 0.800000,0.800000,0.200000
51: 0.800000,0.600000,0.200000
52: 0.600000,0.600000,0.200000
53: 0.600000,0.400000,0.200000
54: 0.400000,0.400000,0.200000
55: 0.400000,0.200000,0.200000
56: 0.200000,0.200000,0.200000
TIME: 1893 - SYSTEM: Path:
0: 7.600000,7.600000,3.800000
1: 7.800000,7.600000,3.600000
2: 8.000000,7.600000,3.400000
3: 8.200000,7.600000,3.200000
4: 8.400001,7.600000,3.000000
5: 8.400001,7.600000,2.800000
6: 8.400001,7.600000,2.600000
7: 8.400001,7.400000,2.400000
8: 8.200000,7.400000,2.200000
9: 8.000000,7.200000,2.200000
10: 7.800000,7.200000,2.200000
11: 7.600000,7.000000,2.200000
12: 7.400000,6.800000,2.000000
13: 7.200000,6.600000,2.000000
14: 7.000000,6.400000,2.000000
15: 6.800000,6.200000,2.000000
16: 6.600000,6.200000,1.800000
17: 6.400000,6.000000,1.600000
18: 6.200000,5.800000,1.600000
19: 6.000000,5.800000,1.600000
20: 5.800000,5.600000,1.600000
21: 5.600000,5.400000,1.600000
22: 5.400000,5.200000,1.600000
23: 5.200000,5.000000,1.600000
24: 5.000000,4.800000,1.400000
25: 4.800000,4.600000,1.400000
26: 4.600000,4.400000,1.400000
27: 4.400000,4.200000,1.600000
28: 4.200000,4.200000,1.600000
29: 4.000000,4.400000,1.600000
30: 3.800000,4.400000,1.600000
31: 3.600000,4.200000,1.600000
32: 3.400000,4.200000,1.600000
33: 3.200000,4.000000,1.600000
34: 3.200000,3.800000,1.600000
35: 3.000000,3.600000,1.600000
36: 2.800000,3.400000,1.400000
37: 2.600000,3.200000,1.400000
38: 2.400000,3.000000,1.400000
39: 2.200000,2.800000,1.400000
40: 2.000000,2.600000,1.400000
41: 1.800000,2.400000,1.400000
42: 1.600000,2.200000,1.200000
43: 1.400000,2.000000,1.200000
44: 1.200000,1.800000,1.000000
45: 1.400000,1.600000,0.800000
46: 1.200000,1.400000,0.600000
47: 1.000000,1.200000,0.600000
48: 0.800000,1.000000,0.400000
49: 0.800000,1.000000,0.200000
50: 0.800000,0.800000,0.200000
51: 0.800000,0.600000,0.200000
52: 0.600000,0.600000,0.200000
53: 0.600000,0.400000,0.200000
54: 0.400000,0.400000,0.200000
55: 0.400000,0.200000,0.200000
56: 0.200000,0.200000,0.200000
TIME: 1967 - SYSTEM: Path:
0: 7.600000,7.600000,3.800000
1: 7.800000,7.600000,3.600000
2: 8.000000,7.600000,3.400000
3: 8.200000,7.600000,3.200000
4: 8.400001,7.600000,3.000000
5: 8.400001,7.600000,2.800000
6: 8.400001,7.600000,2.600000
7: 8.400001,7.400000,2.400000
8: 8.200000,7.400000,2.200000
9: 8.000000,7.200000,2.200000
10: 7.800000,7.200000,2.200000
11: 7.600000,7.000000,2.200000
12: 7.400000,6.800000,2.000000
13: 7.200000,6.600000,2.000000
14: 7.000000,6.400000,2.000000
15: 6.800000,6.200000,2.000000
16: 6.600000,6.200000,1.800000
17: 6.400000,6.000000,1.600000
18: 6.200000,5.800000,1.600000
19: 6.000000,5.800000,1.600000
20: 5.800000,5.600000,1.600000
21: 5.600000,5.400000,1.600000
22: 5.400000,5.200000,1.600000
23: 5.200000,5.000000,1.600000
24: 5.000000,4.800000,1.400000
25: 4.800000,4.600000,1.400000
26: 4.600000,4.400000,1.400000
27: 4.400000,4.200000,1.600000
28: 4.200000,4.200000,1.600000
29: 4.000000,4.400000,1.600000
30: 3.800000,4.400000,1.600000
31: 3.600000,4.200000,1.600000
32: 3.400000,4.200000,1.600000
33: 3.200000,4.000000,1.600000
34: 3.200000,3.800000,1.600000
35: 3.000000,3.600000,1.600000
36: 2.800000,3.400000,1.400000
37: 2.600000,3.200000,1.400000
38: 2.400000,3.000000,1.400000
39: 2.200000,2.800000,1.400000
40: 2.000000,2.600000,1.400000
41: 1.800000,2.400000,1.400000
42: 1.600000,2.200000,1.200000
43: 1.400000,2.000000,1.200000
44: 1.200000,1.800000,1.000000
45: 1.400000,1.600000,0.800000
46: 1.200000,1.400000,0.600000
47: 1.000000,1.200000,0.600000
48: 0.800000,1.000000,0.400000
49: 0.800000,1.000000,0.200000
50: 0.800000,0.800000,0.200000
51: 0.800000,0.600000,0.200000
52: 0.600000,0.600000,0.200000
53: 0.600000,0.400000,0.200000
54: 0.400000,0.400000,0.200000
55: 0.400000,0.200000,0.200000
56: 0.200000,0.200000,0.200000
TIME: 2035 - SYSTEM: Path:
0: 7.600000,7.600000,3.800000
1: 7.800000,7.600000,3.600000
2: 8.000000,7.600000,3.400000
3: 8.200000,7.600000,3.200000
4: 8.400001,7.600000,3.000000
5: 8.400001,7.600000,2.800000
6: 8.400001,7.600000,2.600000
7: 8.400001,7.400000,2.400000
8: 8.200000,7.400000,2.200000
9: 8.000000,7.200000,2.200000
10: 7.800000,7.200000,2.200000
11: 7.600000,7.000000,2.200000
12: 7.400000,6.800000,2.000000
13: 7.200000,6.600000,2.000000
14: 7.000000,6.400000,2.000000
15: 6.800000,6.200000,2.000000
16: 6.600000,6.200000,1.800000
17: 6.400000,6.000000,1.600000
18: 6.200000,5.800000,1.600000
19: 6.000000,5.800000,1.600000
20: 5.800000,5.600000,1.600000
21: 5.600000,5.400000,1.600000
22: 5.400000,5.200000,1.600000
23: 5.200000,5.000000,1.600000
24: 5.000000,4.800000,1.400000
25: 4.800000,4.600000,1.400000
26: 4.600000,4.400000,1.400000
27: 4.400000,4.200000,1.600000
28: 4.200000,4.200000,1.600000
29: 4.000000,4.400000,1.600000
30: 3.800000,4.400000,1.600000
31: 3.600000,4.200000,1.600000
32: 3.400000,4.200000,1.600000
33: 3.200000,4.000000,1.600000
34: 3.200000,3.800000,1.600000
35: 3.000000,3.600000,1.600000
36: 2.800000,3.400000,1.400000
37: 2.600000,3.200000,1.400000
38: 2.400000,3.000000,1.400000
39: 2.200000,2.800000,1.400000
40: 2.000000,2.600000,1.400000
41: 1.800000,2.400000,1.400000
42: 1.600000,2.200000,1.200000
43: 1.400000,2.000000,1.200000
44: 1.200000,1.800000,1.000000
45: 1.400000,1.600000,0.800000
46: 1.200000,1.400000,0.600000
47: 1.000000,1.200000,0.600000
48: 0.800000,1.000000,0.400000
49: 0.800000,1.000000,0.200000
50: 0.800000,0.800000,0.200000
51: 0.800000,0.600000,0.200000
52: 0.600000,0.600000,0.200000
53: 0.600000,0.400000,0.200000
54: 0.400000,0.400000,0.200000
55: 0.400000,0.200000,0.200000
56: 0.200000,0.200000,0.200000
TIME: 2103 - SYSTEM: Path:
0: 7.600000,7.600000,3.800000
1: 7.800000,7.600000,3.600000
2: 8.000000,7.600000,3.400000
3: 8.200000,7.600000,3.200000
4: 8.400001,7.600000,3.000000
5: 8.400001,7.600000,2.800000
6: 8.400001,7.600000,2.600000
7: 8.400001,7.400000,2.400000
8: 8.200000,7.400000,2.200000
9: 8.000000,7.200000,2.200000
10: 7.800000,7.200000,2.200000
11: 7.600000,7.000000,2.200000
12: 7.400000,6.800000,2.000000
13: 7.200000,6.600000,2.000000
14: 7.000000,6.400000,2.000000
15: 6.800000,6.200000,2.000000
16: 6.600000,6.200000,1.800000
17: 6.400000,6.000000,1.600000
18: 6.200000,5.800000,1.600000
19: 6.000000,5.800000,1.600000
20: 5.800000,5.600000,1.600000
21: 5.600000,5.400000,1.600000
22: 5.400000,5.200000,1.600000
23: 5.200000,5.000000,1.600000
24: 5.000000,4.800000,1.400000
25: 4.800000,4.600000,1.400000
26: 4.600000,4.400000,1.400000
27: 4.400000,4.200000,1.600000
28: 4.200000,4.200000,1.600000
29: 4.000000,4.400000,1.600000
30: 3.800000,4.400000,1.600000
31: 3.600000,4.200000,1.600000
32: 3.400000,4.200000,1.600000
33: 3.200000,4.000000,1.600000
34: 3.200000,3.800000,1.600000
35: 3.000000,3.600000,1.600000
36: 2.800000,3.400000,1.400000
37: 2.600000,3.200000,1.400000
38: 2.400000,3.000000,1.400000
39: 2.200000,2.800000,1.400000
40: 2.000000,2.600000,1.400000
41: 1.800000,2.400000,1.400000
42: 1.600000,2.200000,1.200000
43: 1.400000,2.000000,1.200000
44: 1.200000,1.800000,1.000000
45: 1.400000,1.600000,0.800000
46: 1.200000,1.400000,0.600000
47: 1.000000,1.200000,0.600000
48: 0.800000,1.000000,0.400000
49: 0.800000,1.000000,0.200000
50: 0.800000,0.800000,0.200000
51: 0.800000,0.600000,0.200000
52: 0.600000,0.600000,0.200000
53: 0.600000,0.400000,0.200000
54: 0.400000,0.400000,0.200000
55: 0.400000,0.200000,0.200000
56: 0.200000,0.200000,0.200000
TIME: 2164 - SYSTEM: Path:
0: 7.600000,7.600000,3.800000
1: 7.800000,7.600000,3.600000
2: 8.000000,7.600000,3.400000
3: 8.200000,7.600000,3.200000
4: 8.400001,7.600000,3.000000
5: 8.400001,7.600000,2.800000
6: 8.400001,7.600000,2.600000
7: 8.400001,7.400000,2.400000
8: 8.200000,7.400000,2.200000
9: 8.000000,7.200000,2.200000
10: 7.800000,7.200000,2.200000
11: 7.600000,7.000000,2.200000
12: 7.400000,6.800000,2.000000
13: 7.200000,6.600000,2.000000
14: 7.000000,6.400000,2.000000
15: 6.800000,6.200000,2.000000
16: 6.600000,6.200000,1.800000
17: 6.400000,6.000000,1.600000
18: 6.200000,5.800000,1.600000
19: 6.000000,5.800000,1.600000
20: 5.800000,5.600000,1.600000
21: 5.600000,5.400000,1.600000
22: 5.400000,5.200000,1.600000
23: 5.200000,5.000000,1.600000
24: 5.000000,4.800000,1.400000
25: 4.800000,4.600000,1.400000
26: 4.600000,4.400000,1.400000
27: 4.400000,4.200000,1.600000
28: 4.200000,4.200000,1.600000
29: 4.000000,4.400000,1.600000
30: 3.800000,4.400000,1.600000
31: 3.600000,4.200000,1.600000
32: 3.400000,4.200000,1.600000
33: 3.200000,4.000000,1.600000
34: 3.200000,3.800000,1.600000
35: 3.000000,3.600000,1.600000
36: 2.800000,3.400000,1.400000
37: 2.600000,3.200000,1.400000
38: 2.400000,3.000000,1.400000
39: 2.200000,2.800000,1.400000
40: 2.000000,2.600000,1.400000
41: 1.800000,2.400000,1.400000
42: 1.600000,2.200000,1.200000
43: 1.400000,2.000000,1.200000
44: 1.200000,1.800000,1.000000
45: 1.400000,1.600000,0.800000
46: 1.200000,1.400000,0.600000
47: 1.000000,1.200000,0.600000
48: 0.800000,1.000000,0.400000
49: 0.800000,1.000000,0.200000
50: 0.800000,0.800000,0.200000
51: 0.800000,0.600000,0.200000
52: 0.600000,0.600000,0.200000
53: 0.600000,0.400000,0.200000
54: 0.400000,0.400000,0.200000
55: 0.400000,0.200000,0.200000
56: 0.200000,0.200000,0.200000
TIME: 2220 - SYSTEM: Path:
0: 7.600000,7.600000,3.800000
1: 7.800000,7.600000,3.600000
2: 8.000000,7.600000,3.400000
3: 8.200000,7.600000,3.200000
4: 8.400001,7.600000,3.000000
5: 8.400001,7.600000,2.800000
6: 8.400001,7.600000,2.600000
7: 8.400001,7.400000,2.400000
8: 8.200000,7.400000,2.200000
9: 8.000000,7.200000,2.200000
10: 7.800000,7.200000,2.200000
11: 7.600000,7.000000,2.200000
12: 7.400000,6.800000,2.000000
13: 7.200000,6.600000,2.000000
14: 7.000000,6.400000,2.000000
15: 6.800000,6.200000,2.000000
16: 6.600000,6.200000,1.800000
17: 6.400000,6.000000,1.600000
18: 6.200000,5.800000,1.600000
19: 6.000000,5.800000,1.600000
20: 5.800000,5.600000,1.600000
21: 5.600000,5.400000,1.600000
22: 5.400000,5.200000,1.600000
23: 5.200000,5.000000,1.600000
24: 5.000000,4.800000,1.400000
25: 4.800000,4.600000,1.400000
26: 4.600000,4.400000,1.400000
27: 4.400000,4.200000,1.600000
28: 4.200000,4.200000,1.600000
29: 4.000000,4.400000,1.600000
30: 3.800000,4.400000,1.600000
31: 3.600000,4.200000,1.600000
32: 3.400000,4.200000,1.600000
33: 3.200000,4.000000,1.600000
34: 3.200000,3.800000,1.600000
35: 3.000000,3.600000,1.600000
36: 2.800000,3.400000,1.400000
37: 2.600000,3.200000,1.400000
38: 2.400000,3.000000,1.400000
39: 2.200000,2.800000,1.400000
40: 2.000000,2.600000,1.400000
41: 1.800000,2.400000,1.400000
42: 1.600000,2.200000,1.200000
43: 1.400000,2.000000,1.200000
44: 1.200000,1.800000,1.000000
45: 1.400000,1.600000,0.800000
46: 1.200000,1.400000,0.600000
47: 1.000000,1.200000,0.600000
48: 0.800000,1.000000,0.400000
49: 0.800000,1.000000,0.200000
50: 0.800000,0.800000,0.200000
51: 0.800000,0.600000,0.200000
52: 0.600000,0.600000,0.200000
53: 0.600000,0.400000,0.200000
54: 0.400000,0.400000,0.200000
55: 0.400000,0.200000,0.200000
56: 0.200000,0.200000,0.200000
TIME: 2280 - SYSTEM: Path:
0: 7.600000,7.600000,3.800000
1: 7.800000,7.600000,3.600000
2: 8.000000,7.600000,3.400000
3: 8.200000,7.600000,3.200000
4: 8.400001,7.600000,3.000000
5: 8.400001,7.600000,2.800000
6: 8.400001,7.600000,2.600000
7: 8.400001,7.400000,2.400000
8: 8.200000,7.400000,2.200000
9: 8.000000,7.200000,2.200000
10: 7.800000,7.200000,2.200000
11: 7.600000,7.000000,2.200000
12: 7.400000,6.800000,2.000000
13: 7.200000,6.600000,2.000000
14: 7.000000,6.400000,2.000000
15: 6.800000,6.200000,2.000000
16: 6.600000,6.200000,1.800000
17: 6.400000,6.000000,1.600000
18: 6.200000,5.800000,1.600000
19: 6.000000,5.800000,1.600000
20: 5.800000,5.600000,1.600000
21: 5.600000,5.400000,1.600000
22: 5.400000,5.200000,1.600000
23: 5.200000,5.000000,1.600000
24: 5.000000,4.800000,1.400000
25: 4.800000,4.600000,1.400000
26: 4.600000,4.400000,1.400000
27: 4.400000,4.200000,1.600000
28: 4.200000,4.200000,1.600000
29: 4.000000,4.400000,1.600000
30: 3.800000,4.400000,1.600000
31: 3.600000,4.200000,1.600000
32: 3.400000,4.200000,1.600000
33: 3.200000,4.000000,1.600000
34: 3.200000,3.800000,1.600000
35: 3.000000,3.600000,1.600000
36: 2.800000,3.400000,1.400000
37: 2.600000,3.200000,1.400000
38: 2.400000,3.000000,1.400000
39: 2.200000,2.800000,1.400000
40: 2.000000,2.600000,1.400000
41: 1.800000,2.400000,1.400000
42: 1.600000,2.200000,1.200000
43: 1.400000,2.000000,1.200000
44: 1.200000,1.800000,1.000000
45: 1.400000,1.600000,0.800000
46: 1.200000,1.400000,0.600000
47: 1.000000,1.200000,0.600000
48: 0.800000,1.000000,0.400000
49: 0.800000,1.000000,0.200000
50: 0.800000,0.800000,0.200000
51: 0.800000,0.600000,0.200000
52: 0.600000,0.600000,0.200000
53: 0.600000,0.400000,0.200000
54: 0.400000,0.400000,0.200000
55: 0.400000,0.200000,0.200000
56: 0.200000,0.200000,0.200000
TIME: 2340 - SYSTEM: Path:
0: 7.600000,7.600000,3.800000
1: 7.800000,7.600000,3.600000
2: 8.000000,7.600000,3.400000
3: 8.200000,7.600000,3.200000
4: 8.400001,7.600000,3.000000
5: 8.400001,7.600000,2.800000
6: 8.400001,7.600000,2.600000
7: 8.400001,7.400000,2.400000
8: 8.200000,7.400000,2.200000
9: 8.000000,7.200000,2.200000
10: 7.800000,7.200000,2.200000
11: 7.600000,7.000000,2.200000
12: 7.400000,6.800000,2.000000
13: 7.200000,6.600000,2.000000
14: 7.000000,6.400000,2.000000
15: 6.800000,6.200000,2.000000
16: 6.600000,6.200000,1.800000
17: 6.400000,6.000000,1.600000
18: 6.200000,5.800000,1.600000
19: 6.000000,5.800000,1.600000
20: 5.800000,5.600000,1.600000
21: 5.600000,5.400000,1.600000
22: 5.400000,5.200000,1.600000
23: 5.200000,5.000000,1.600000
24: 5.000000,4.800000,1.400000
25: 4.800000,4.600000,1.400000
26: 4.600000,4.400000,1.400000
27: 4.400000,4.200000,1.600000
28: 4.200000,4.200000,1.600000
29: 4.000000,4.400000,1.600000
30: 3.800000,4.400000,1.600000
31: 3.600000,4.200000,1.600000
32: 3.400000,4.200000,1.600000
33: 3.200000,4.000000,1.600000
34: 3.200000,3.800000,1.600000
35: 3.000000,3.600000,1.600000
36: 2.800000,3.400000,1.400000
37: 2.600000,3.200000,1.400000
38: 2.400000,3.000000,1.400000
39: 2.200000,2.800000,1.400000
40: 2.000000,2.600000,1.400000
41: 1.800000,2.400000,1.400000
42: 1.600000,2.200000,1.200000
43: 1.400000,2.000000,1.200000
44: 1.200000,1.800000,1.000000
45: 1.400000,1.600000,0.800000
46: 1.200000,1.400000,0.600000
47: 1.000000,1.200000,0.600000
48: 0.800000,1.000000,0.400000
49: 0.800000,1.000000,0.200000
50: 0.800000,0.800000,0.200000
51: 0.800000,0.600000,0.200000
52: 0.600000,0.600000,0.200000
53: 0.600000,0.400000,0.200000
54: 0.400000,0.400000,0.200000
55: 0.400000,0.200000,0.200000
56: 0.200000,0.200000,0.200000
TIME: 2413 - SYSTEM: Path:
0: 7.600000,7.600000,3.800000
1: 7.800000,7.600000,3.600000
2: 8.000000,7.600000,3.400000
3: 8.200000,7.600000,3.200000
4: 8.400001,7.600000,3.000000
5: 8.400001,7.600000,2.800000
6: 8.400001,7.600000,2.600000
7: 8.400001,7.400000,2.400000
8: 8.200000,7.400000,2.200000
9: 8.000000,7.200000,2.200000
10: 7.800000,7.200000,2.200000
11: 7.600000,7.000000,2.200000
12: 7.400000,6.800000,2.000000
13: 7.200000,6.600000,2.000000
14: 7.000000,6.400000,2.000000
15: 6.800000,6.200000,2.000000
16: 6.600000,6.200000,1.800000
17: 6.400000,6.000000,1.600000
18: 6.200000,5.800000,1.600000
19: 6.000000,5.800000,1.600000
20: 5.800000,5.600000,1.600000
21: 5.600000,5.400000,1.600000
22: 5.400000,5.200000,1.600000
23: 5.200000,5.000000,1.600000
24: 5.000000,4.800000,1.400000
25: 4.800000,4.600000,1.400000
26: 4.600000,4.400000,1.400000
27: 4.400000,4.200000,1.600000
28: 4.200000,4.200000,1.600000
29: 4.000000,4.400000,1.600000
30: 3.800000,4.400000,1.600000
31: 3.600000,4.200000,1.600000
32: 3.400000,4.200000,1.600000
33: 3.200000,4.000000,1.600000
34: 3.200000,3.800000,1.600000
35: 3.000000,3.600000,1.600000
36: 2.800000,3.400000,1.400000
37: 2.600000,3.200000,1.400000
38: 2.400000,3.000000,1.400000
39: 2.200000,2.800000,1.400000
40: 2.000000,2.600000,1.400000
41: 1.800000,2.400000,1.400000
42: 1.600000,2.200000,1.200000
43: 1.400000,2.000000,1.200000
44: 1.200000,1.800000,1.000000
45: 1.400000,1.600000,0.800000
46: 1.200000,1.400000,0.600000
47: 1.000000,1.200000,0.600000
48: 0.800000,1.000000,0.400000
49: 0.800000,1.000000,0.200000
50: 0.800000,0.800000,0.200000
51: 0.800000,0.600000,0.200000
52: 0.600000,0.600000,0.200000
53: 0.600000,0.400000,0.200000
54: 0.400000,0.400000,0.200000
55: 0.400000,0.200000,0.200000
56: 0.200000,0.200000,0.200000
TIME: 2480 - SYSTEM: Path:
0: 7.600000,7.600000,3.800000
1: 7.800000,7.600000,3.600000
2: 8.000000,7.600000,3.400000
3: 8.200000,7.600000,3.200000
4: 8.400001,7.600000,3.000000
5: 8.400001,7.600000,2.800000
6: 8.400001,7.600000,2.600000
7: 8.400001,7.400000,2.400000
8: 8.200000,7.400000,2.200000
9: 8.000000,7.200000,2.200000
10: 7.800000,7.200000,2.200000
11: 7.600000,7.000000,2.200000
12: 7.400000,6.800000,2.000000
13: 7.200000,6.600000,2.000000
14: 7.000000,6.400000,2.000000
15: 6.800000,6.200000,2.000000
16: 6.600000,6.200000,1.800000
17: 6.400000,6.000000,1.600000
18: 6.200000,5.800000,1.600000
19: 6.000000,5.800000,1.600000
20: 5.800000,5.600000,1.600000
21: 5.600000,5.400000,1.600000
22: 5.400000,5.200000,1.600000
23: 5.200000,5.000000,1.600000
24: 5.000000,4.800000,1.400000
25: 4.800000,4.600000,1.400000
26: 4.600000,4.400000,1.400000
27: 4.400000,4.200000,1.600000
28: 4.200000,4.200000,1.600000
29: 4.000000,4.400000,1.600000
30: 3.800000,4.400000,1.600000
31: 3.600000,4.200000,1.600000
32: 3.400000,4.200000,1.600000
33: 3.200000,4.000000,1.600000
34: 3.200000,3.800000,1.600000
35: 3.000000,3.600000,1.600000
36: 2.800000,3.400000,1.400000
37: 2.600000,3.200000,1.400000
38: 2.400000,3.000000,1.400000
39: 2.200000,2.800000,1.400000
40: 2.000000,2.600000,1.400000
41: 1.800000,2.400000,1.400000
42: 1.600000,2.200000,1.200000
43: 1.400000,2.000000,1.200000
44: 1.200000,1.800000,1.000000
45: 1.400000,1.600000,0.800000
46: 1.200000,1.400000,0.600000
47: 1.000000,1.200000,0.600000
48: 0.800000,1.000000,0.400000
49: 0.800000,1.000000,0.200000
50: 0.800000,0.800000,0.200000
51: 0.800000,0.600000,0.200000
52: 0.600000,0.600000,0.200000
53: 0.600000,0.400000,0.200000
54: 0.400000,0.400000,0.200000
55: 0.400000,0.200000,0.200000
56: 0.200000,0.200000,0.200000
TIME: 2550 - SYSTEM: Path:
0: 7.600000,7.600000,3.800000
1: 7.800000,7.600000,3.600000
2: 8.000000,7.600000,3.400000
3: 8.200000,7.600000,3.200000
4: 8.400001,7.600000,3.000000
5: 8.400001,7.600000,2.800000
6: 8.400001,7.600000,2.600000
7: 8.400001,7.400000,2.400000
8: 8.200000,7.400000,2.200000
9: 8.000000,7.200000,2.200000
10: 7.800000,7.200000,2.200000
11: 7.600000,7.000000,2.200000
12: 7.400000,6.800000,2.000000
13: 7.200000,6.600000,2.000000
14: 7.000000,6.400000,2.000000
15: 6.800000,6.200000,2.000000
16: 6.600000,6.200000,1.800000
17: 6.400000,6.000000,1.600000
18: 6.200000,5.800000,1.600000
19: 6.000000,5.800000,1.600000
20: 5.800000,5.600000,1.600000
21: 5.600000,5.400000,1.600000
22: 5.400000,5.200000,1.600000
23: 5.200000,5.000000,1.600000
24: 5.000000,4.800000,1.400000
25: 4.800000,4.600000,1.400000
26: 4.600000,4.400000,1.400000
27: 4.400000,4.200000,1.600000
28: 4.200000,4.200000,1.600000
29: 4.000000,4.400000,1.600000
30: 3.800000,4.400000,1.600000
31: 3.600000,4.200000,1.600000
32: 3.400000,4.200000,1.600000
33: 3.200000,4.000000,1.600000
34: 3.200000,3.800000,1.600000
35: 3.000000,3.600000,1.600000
36: 2.800000,3.400000,1.400000
37: 2.600000,3.200000,1.400000
38: 2.400000,3.000000,1.400000
39: 2.200000,2.800000,1.400000
40: 2.000000,2.600000,1.400000
41: 1.800000,2.400000,1.400000
42: 1.600000,2.200000,1.200000
43: 1.400000,2.000000,1.200000
44: 1.200000,1.800000,1.000000
45: 1.400000,1.600000,0.800000
46: 1.200000,1.400000,0.600000
47: 1.000000,1.200000,0.600000
48: 0.800000,1.000000,0.400000
49: 0.800000,1.000000,0.200000
50: 0.800000,0.800000,0.200000
51: 0.800000,0.600000,0.200000
52: 0.600000,0.600000,0.200000
53: 0.600000,0.400000,0.200000
54: 0.400000,0.400000,0.200000
55: 0.400000,0.200000,0.200000
56: 0.200000,0.200000,0.200000
TIME: 2612 - SYSTEM: Path:
0: 7.600000,7.600000,3.800000
1: 7.800000,7.600000,3.600000
2: 8.000000,7.600000,3.400000
3: 8.200000,7.600000,3.200000
4: 8.400001,7.600000,3.000000
5: 8.400001,7.600000,2.800000
6: 8.400001,7.600000,2.600000
7: 8.400001,7.400000,2.400000
8: 8.200000,7.400000,2.200000
9: 8.000000,7.200000,2.200000
10: 7.800000,7.200000,2.200000
11: 7.600000,7.000000,2.200000
12: 7.400000,6.800000,2.000000
13: 7.200000,6.600000,2.000000
14: 7.000000,6.400000,2.000000
15: 6.800000,6.200000,2.000000
16: 6.600000,6.200000,1.800000
17: 6.400000,6.000000,1.600000
18: 6.200000,5.800000,1.600000
19: 6.000000,5.800000,1.600000
20: 5.800000,5.600000,1.600000
21: 5.600000,5.400000,1.600000
22: 5.400000,5.200000,1.600000
23: 5.200000,5.000000,1.600000
24: 5.000000,4.800000,1.400000
25: 4.800000,4.600000,1.400000
26: 4.600000,4.400000,1.400000
27: 4.400000,4.200000,1.600000
28: 4.200000,4.200000,1.600000
29: 4.000000,4.400000,1.600000
30: 3.800000,4.400000,1.600000
31: 3.600000,4.200000,1.600000
32: 3.400000,4.200000,1.600000
33: 3.200000,4.000000,1.600000
34: 3.200000,3.800000,1.600000
35: 3.000000,3.600000,1.600000
36: 2.800000,3.400000,1.400000
37: 2.600000,3.200000,1.400000
38: 2.400000,3.000000,1.400000
39: 2.200000,2.800000,1.400000
40: 2.000000,2.600000,1.400000
41: 1.800000,2.400000,1.400000
42: 1.600000,2.200000,1.200000
43: 1.400000,2.000000,1.200000
44: 1.200000,1.800000,1.000000
45: 1.400000,1.600000,0.800000
46: 1.200000,1.400000,0.600000
47: 1.000000,1.200000,0.600000
48: 0.800000,1.000000,0.400000
49: 0.800000,1.000000,0.200000
50: 0.800000,0.800000,0.200000
51: 0.800000,0.600000,0.200000
52: 0.600000,0.600000,0.200000
53: 0.600000,0.400000,0.200000
54: 0.400000,0.400000,0.200000
55: 0.400000,0.200000,0.200000
56: 0.200000,0.200000,0.200000
TIME: 2698 - SYSTEM: Path:
0: 7.600000,7.600000,3.800000
1: 7.800000,7.600000,3.600000
2: 8.000000,7.600000,3.400000
3: 8.200000,7.600000,3.200000
4: 8.400001,7.600000,3.000000
5: 8.400001,7.600000,2.800000
6: 8.400001,7.600000,2.600000
7: 8.400001,7.400000,2.400000
8: 8.200000,7.400000,2.200000
9: 8.000000,7.200000,2.200000
10: 7.800000,7.200000,2.200000
11: 7.600000,7.000000,2.200000
12: 7.400000,6.800000,2.000000
13: 7.200000,6.600000,2.000000
14: 7.000000,6.400000,2.000000
15: 6.800000,6.200000,2.000000
16: 6.600000,6.200000,1.800000
17: 6.400000,6.000000,1.600000
18: 6.200000,5.800000,1.600000
19: 6.000000,5.800000,1.600000
20: 5.800000,5.600000,1.600000
21: 5.600000,5.400000,1.600000
22: 5.400000,5.200000,1.600000
23: 5.200000,5.000000,1.600000
24: 5.000000,4.800000,1.400000
25: 4.800000,4.600000,1.400000
26: 4.600000,4.400000,1.400000
27: 4.400000,4.200000,1.600000
28: 4.200000,4.200000,1.600000
29: 4.000000,4.400000,1.600000
30: 3.800000,4.400000,1.600000
31: 3.600000,4.200000,1.600000
32: 3.400000,4.200000,1.600000
33: 3.200000,4.000000,1.600000
34: 3.200000,3.800000,1.600000
35: 3.000000,3.600000,1.600000
36: 2.800000,3.400000,1.400000
37: 2.600000,3.200000,1.400000
38: 2.400000,3.000000,1.400000
39: 2.200000,2.800000,1.400000
40: 2.000000,2.600000,1.400000
41: 1.800000,2.400000,1.400000
42: 1.600000,2.200000,1.200000
43: 1.400000,2.000000,1.200000
44: 1.200000,1.800000,1.000000
45: 1.400000,1.600000,0.800000
46: 1.200000,1.400000,0.600000
47: 1.000000,1.200000,0.600000
48: 0.800000,1.000000,0.400000
49: 0.800000,1.000000,0.200000
50: 0.800000,0.800000,0.200000
51: 0.800000,0.600000,0.200000
52: 0.600000,0.600000,0.200000
53: 0.600000,0.400000,0.200000
54: 0.400000,0.400000,0.200000
55: 0.400000,0.200000,0.200000
56: 0.200000,0.200000,0.200000
TIME: 2761 - SYSTEM: Path:
0: 7.600000,7.600000,3.800000
1: 7.800000,7.600000,3.600000
2: 8.000000,7.600000,3.400000
3: 8.200000,7.600000,3.200000
4: 8.400001,7.600000,3.000000
5: 8.400001,7.600000,2.800000
6: 8.400001,7.600000,2.600000
7: 8.400001,7.400000,2.400000
8: 8.200000,7.400000,2.200000
9: 8.000000,7.200000,2.200000
10: 7.800000,7.200000,2.200000
11: 7.600000,7.000000,2.200000
12: 7.400000,6.800000,2.000000
13: 7.200000,6.600000,2.000000
14: 7.000000,6.400000,2.000000
15: 6.800000,6.200000,2.000000
16: 6.600000,6.200000,1.800000
17: 6.400000,6.000000,1.600000
18: 6.200000,5.800000,1.600000
19: 6.000000,5.800000,1.600000
20: 5.800000,5.600000,1.600000
21: 5.600000,5.400000,1.600000
22: 5.400000,5.200000,1.600000
23: 5.200000,5.000000,1.600000
24: 5.000000,4.800000,1.400000
25: 4.800000,4.600000,1.400000
26: 4.600000,4.400000,1.400000
27: 4.400000,4.200000,1.600000
28: 4.200000,4.200000,1.600000
29: 4.000000,4.400000,1.600000
30: 3.800000,4.400000,1.600000
31: 3.600000,4.200000,1.600000
32: 3.400000,4.200000,1.600000
33: 3.200000,4.000000,1.600000
34: 3.200000,3.800000,1.600000
35: 3.000000,3.600000,1.600000
36: 2.800000,3.400000,1.400000
37: 2.600000,3.200000,1.400000
38: 2.400000,3.000000,1.400000
39: 2.200000,2.800000,1.400000
40: 2.000000,2.600000,1.400000
41: 1.800000,2.400000,1.400000
42: 1.600000,2.200000,1.200000
43: 1.400000,2.000000,1.200000
44: 1.200000,1.800000,1.000000
45: 1.400000,1.600000,0.800000
46: 1.200000,1.400000,0.600000
47: 1.000000,1.200000,0.600000
48: 0.800000,1.000000,0.400000
49: 0.800000,1.000000,0.200000
50: 0.800000,0.800000,0.200000
51: 0.800000,0.600000,0.200000
52: 0.600000,0.600000,0.200000
53: 0.600000,0.400000,0.200000
54: 0.400000,0.400000,0.200000
55: 0.400000,0.200000,0.200000
56: 0.200000,0.200000,0.200000
TIME: 2827 - SYSTEM: Path:
0: 7.600000,7.600000,3.800000
1: 7.800000,7.600000,3.600000
2: 8.000000,7.600000,3.400000
3: 8.200000,7.600000,3.200000
4: 8.400001,7.600000,3.000000
5: 8.400001,7.600000,2.800000
6: 8.400001,7.600000,2.600000
7: 8.400001,7.400000,2.400000
8: 8.200000,7.400000,2.200000
9: 8.000000,7.200000,2.200000
10: 7.800000,7.200000,2.200000
11: 7.600000,7.000000,2.200000
12: 7.400000,6.800000,2.000000
13: 7.200000,6.600000,2.000000
14: 7.000000,6.400000,2.000000
15: 6.800000,6.200000,2.000000
16: 6.600000,6.200000,1.800000
17: 6.400000,6.000000,1.600000
18: 6.200000,5.800000,1.600000
19: 6.000000,5.800000,1.600000
20: 5.800000,5.600000,1.600000
21: 5.600000,5.400000,1.600000
22: 5.400000,5.200000,1.600000
23: 5.200000,5.000000,1.600000
24: 5.000000,4.800000,1.400000
25: 4.800000,4.600000,1.400000
26: 4.600000,4.400000,1.400000
27: 4.400000,4.200000,1.600000
28: 4.200000,4.200000,1.600000
29: 4.000000,4.400000,1.600000
30: 3.800000,4.400000,1.600000
31: 3.600000,4.200000,1.600000
32: 3.400000,4.200000,1.600000
33: 3.200000,4.000000,1.600000
34: 3.200000,3.800000,1.600000
35: 3.000000,3.600000,1.600000
36: 2.800000,3.400000,1.400000
37: 2.600000,3.200000,1.400000
38: 2.400000,3.000000,1.400000
39: 2.200000,2.800000,1.400000
40: 2.000000,2.600000,1.400000
41: 1.800000,2.400000,1.400000
42: 1.600000,2.200000,1.200000
43: 1.400000,2.000000,1.200000
44: 1.200000,1.800000,1.000000
45: 1.400000,1.600000,0.800000
46: 1.200000,1.400000,0.600000
47: 1.000000,1.200000,0.600000
48: 0.800000,1.000000,0.400000
49: 0.800000,1.000000,0.200000
50: 0.800000,0.800000,0.200000
51: 0.800000,0.600000,0.200000
52: 0.600000,0.600000,0.200000
53: 0.600000,0.400000,0.200000
54: 0.400000,0.400000,0.200000
55: 0.400000,0.200000,0.200000
56: 0.200000,0.200000,0.200000
TIME: 2897 - SYSTEM: Path:
0: 7.600000,7.600000,3.800000
1: 7.800000,7.600000,3.600000
2: 8.000000,7.600000,3.400000
3: 8.200000,7.600000,3.200000
4: 8.400001,7.600000,3.000000
5: 8.400001,7.600000,2.800000
6: 8.400001,7.600000,2.600000
7: 8.400001,7.400000,2.400000
8: 8.200000,7.400000,2.200000
9: 8.000000,7.200000,2.200000
10: 7.800000,7.200000,2.200000
11: 7.600000,7.000000,2.200000
12: 7.400000,6.800000,2.000000
13: 7.200000,6.600000,2.000000
14: 7.000000,6.400000,2.000000
15: 6.800000,6.200000,2.000000
16: 6.600000,6.200000,1.800000
17: 6.400000,6.000000,1.600000
18: 6.200000,5.800000,1.600000
19: 6.000000,5.800000,1.600000
20: 5.800000,5.600000,1.600000
21: 5.600000,5.400000,1.600000
22: 5.400000,5.200000,1.600000
23: 5.200000,5.000000,1.600000
24: 5.000000,4.800000,1.400000
25: 4.800000,4.600000,1.400000
26: 4.600000,4.400000,1.400000
27: 4.400000,4.200000,1.600000
28: 4.200000,4.200000,1.600000
29: 4.000000,4.400000,1.600000
30: 3.800000,4.400000,1.600000
31: 3.600000,4.200000,1.600000
32: 3.400000,4.200000,1.600000
33: 3.200000,4.000000,1.600000
34: 3.200000,3.800000,1.600000
35: 3.000000,3.600000,1.600000
36: 2.800000,3.400000,1.400000
37: 2.600000,3.200000,1.400000
38: 2.400000,3.000000,1.400000
39: 2.200000,2.800000,1.400000
40: 2.000000,2.600000,1.400000
41: 1.800000,2.400000,1.400000
42: 1.600000,2.200000,1.200000
43: 1.400000,2.000000,1.200000
44: 1.200000,1.800000,1.000000
45: 1.400000,1.600000,0.800000
46: 1.200000,1.400000,0.600000
47: 1.000000,1.200000,0.600000
48: 0.800000,1.000000,0.400000
49: 0.800000,1.000000,0.200000
50: 0.800000,0.800000,0.200000
51: 0.800000,0.600000,0.200000
52: 0.600000,0.600000,0.200000
53: 0.600000,0.400000,0.200000
54: 0.400000,0.400000,0.200000
55: 0.400000,0.200000,0.200000
56: 0.200000,0.200000,0.200000
TIME: 2962 - SYSTEM: Path:
0: 7.600000,7.600000,3.800000
1: 7.800000,7.600000,3.600000
2: 8.000000,7.600000,3.400000
3: 8.200000,7.600000,3.200000
4: 8.400001,7.600000,3.000000
5: 8.400001,7.600000,2.800000
6: 8.400001,7.600000,2.600000
7: 8.400001,7.400000,2.400000
8: 8.200000,7.400000,2.200000
9: 8.000000,7.200000,2.200000
10: 7.800000,7.200000,2.200000
11: 7.600000,7.000000,2.200000
12: 7.400000,6.800000,2.000000
13: 7.200000,6.600000,2.000000
14: 7.000000,6.400000,2.000000
15: 6.800000,6.200000,2.000000
16: 6.600000,6.200000,1.800000
17: 6.400000,6.000000,1.600000
18: 6.200000,5.800000,1.600000
19: 6.000000,5.800000,1.600000
20: 5.800000,5.600000,1.600000
21: 5.600000,5.400000,1.600000
22: 5.400000,5.200000,1.600000
23: 5.200000,5.000000,1.600000
24: 5.000000,4.800000,1.400000
25: 4.800000,4.600000,1.400000
26: 4.600000,4.400000,1.400000
27: 4.400000,4.200000,1.600000
28: 4.200000,4.200000,1.600000
29: 4.000000,4.400000,1.600000
30: 3.800000,4.400000,1.600000
31: 3.600000,4.200000,1.600000
32: 3.400000,4.200000,1.600000
33: 3.200000,4.000000,1.600000
34: 3.200000,3.800000,1.600000
35: 3.000000,3.600000,1.600000
36: 2.800000,3.400000,1.400000
37: 2.600000,3.200000,1.400000
38: 2.400000,3.000000,1.400000
39: 2.200000,2.800000,1.400000
40: 2.000000,2.600000,1.400000
41: 1.800000,2.400000,1.400000
42: 1.600000,2.200000,1.200000
43: 1.400000,2.000000,1.200000
44: 1.200000,1.800000,1.000000
45: 1.400000,1.600000,0.800000
46: 1.200000,1.400000,0.600000
47: 1.000000,1.200000,0.600000
48: 0.800000,1.000000,0.400000
49: 0.800000,1.000000,0.200000
50: 0.800000,0.800000,0.200000
51: 0.800000,0.600000,0.200000
52: 0.600000,0.600000,0.200000
53: 0.600000,0.400000,0.200000
54: 0.400000,0.400000,0.200000
55: 0.400000,0.200000,0.200000
56: 0.200000,0.200000,0.200000
TIME: 3025 - SYSTEM: Path:
0: 7.600000,7.600000,3.800000
1: 7.800000,7.600000,3.600000
2: 8.000000,7.600000,3.400000
3: 8.200000,7.600000,3.200000
4: 8.400001,7.600000,3.000000
5: 8.400001,7.600000,2.800000
6: 8.400001,7.600000,2.600000
7: 8.400001,7.400000,2.400000
8: 8.200000,7.400000,2.200000
9: 8.000000,7.200000,2.200000
10: 7.800000,7.200000,2.200000
11: 7.600000,7.000000,2.200000
12: 7.400000,6.800000,2.000000
13: 7.200000,6.600000,2.000000
14: 7.000000,6.400000,2.000000
15: 6.800000,6.200000,2.000000
16: 6.600000,6.200000,1.800000
17: 6.400000,6.000000,1.600000
18: 6.200000,5.800000,1.600000
19: 6.000000,5.800000,1.600000
20: 5.800000,5.600000,1.600000
21: 5.600000,5.400000,1.600000
22: 5.400000,5.200000,1.600000
23: 5.200000,5.000000,1.600000
24: 5.000000,4.800000,1.400000
25: 4.800000,4.600000,1.400000
26: 4.600000,4.400000,1.400000
27: 4.400000,4.200000,1.600000
28: 4.200000,4.200000,1.600000
29: 4.000000,4.400000,1.600000
30: 3.800000,4.400000,1.600000
31: 3.600000,4.200000,1.600000
32: 3.400000,4.200000,1.600000
33: 3.200000,4.000000,1.600000
34: 3.200000,3.800000,1.600000
35: 3.000000,3.600000,1.600000
36: 2.800000,3.400000,1.400000
37: 2.600000,3.200000,1.400000
38: 2.400000,3.000000,1.400000
39: 2.200000,2.800000,1.400000
40: 2.000000,2.600000,1.400000
41: 1.800000,2.400000,1.400000
42: 1.600000,2.200000,1.200000
43: 1.400000,2.000000,1.200000
44: 1.200000,1.800000,1.000000
45: 1.400000,1.600000,0.800000
46: 1.200000,1.400000,0.600000
47: 1.000000,1.200000,0.600000
48: 0.800000,1.000000,0.400000
49: 0.800000,1.000000,0.200000
50: 0.800000,0.800000,0.200000
51: 0.800000,0.600000,0.200000
52: 0.600000,0.600000,0.200000
53: 0.600000,0.400000,0.200000
54: 0.400000,0.400000,0.200000
55: 0.400000,0.200000,0.200000
56: 0.200000,0.200000,0.200000
TIME: 3104 - SYSTEM: Path:
0: 7.600000,7.600000,3.800000
1: 7.800000,7.600000,3.600000
2: 8.000000,7.600000,3.400000
3: 8.200000,7.600000,3.200000
4: 8.400001,7.600000,3.000000
5: 8.400001,7.600000,2.800000
6: 8.400001,7.600000,2.600000
7: 8.400001,7.400000,2.400000
8: 8.200000,7.400000,2.200000
9: 8.000000,7.200000,2.200000
10: 7.800000,7.200000,2.200000
11: 7.600000,7.000000,2.200000
12: 7.400000,6.800000,2.000000
13: 7.200000,6.600000,2.000000
14: 7.000000,6.400000,2.000000
15: 6.800000,6.200000,2.000000
16: 6.600000,6.200000,1.800000
17: 6.400000,6.000000,1.600000
18: 6.200000,5.800000,1.600000
19: 6.000000,5.800000,1.600000
20: 5.800000,5.600000,1.600000
21: 5.600000,5.400000,1.600000
22: 5.400000,5.200000,1.600000
23: 5.200000,5.000000,1.600000
24: 5.000000,4.800000,1.400000
25: 4.800000,4.600000,1.400000
26: 4.600000,4.400000,1.400000
27: 4.400000,4.200000,1.600000
28: 4.200000,4.200000,1.600000
29: 4.000000,4.400000,1.600000
30: 3.800000,4.400000,1.600000
31: 3.600000,4.200000,1.600000
32: 3.400000,4.200000,1.600000
33: 3.200000,4.000000,1.600000
34: 3.200000,3.800000,1.600000
35: 3.000000,3.600000,1.600000
36: 2.800000,3.400000,1.400000
37: 2.600000,3.200000,1.400000
38: 2.400000,3.000000,1.400000
39: 2.200000,2.800000,1.400000
40: 2.000000,2.600000,1.400000
41: 1.800000,2.400000,1.400000
42: 1.600000,2.200000,1.200000
43: 1.400000,2.000000,1.200000
44: 1.200000,1.800000,1.000000
45: 1.400000,1.600000,0.800000
46: 1.200000,1.400000,0.600000
47: 1.000000,1.200000,0.600000
48: 0.800000,1.000000,0.400000
49: 0.800000,1.000000,0.200000
50: 0.800000,0.800000,0.200000
51: 0.800000,0.600000,0.200000
52: 0.600000,0.600000,0.200000
53: 0.600000,0.400000,0.200000
54: 0.400000,0.400000,0.200000
55: 0.400000,0.200000,0.200000
56: 0.200000,0.200000,0.200000
TIME: 3168 - SYSTEM: Path:
0: 7.600000,7.600000,3.800000
1: 7.800000,7.600000,3.600000
2: 8.000000,7.600000,3.400000
3: 8.200000,7.600000,3.200000
4: 8.400001,7.600000,3.000000
5: 8.400001,7.600000,2.800000
6: 8.400001,7.600000,2.600000
7: 8.400001,7.400000,2.400000
8: 8.200000,7.400000,2.200000
9: 8.000000,7.200000,2.200000
10: 7.800000,7.200000,2.200000
11: 7.600000,7.000000,2.200000
12: 7.400000,6.800000,2.000000
13: 7.200000,6.600000,2.000000
14: 7.000000,6.400000,2.000000
15: 6.800000,6.200000,2.000000
16: 6.600000,6.200000,1.800000
17: 6.400000,6.000000,1.600000
18: 6.200000,5.800000,1.600000
19: 6.000000,5.800000,1.600000
20: 5.800000,5.600000,1.600000
21: 5.600000,5.400000,1.600000
22: 5.400000,5.200000,1.600000
23: 5.200000,5.000000,1.600000
24: 5.000000,4.800000,1.400000
25: 4.800000,4.600000,1.400000
26: 4.600000,4.400000,1.400000
27: 4.400000,4.200000,1.600000
28: 4.200000,4.200000,1.600000
29: 4.000000,4.400000,1.600000
30: 3.800000,4.400000,1.600000
31: 3.600000,4.200000,1.600000
32: 3.400000,4.200000,1.600000
33: 3.200000,4.000000,1.600000
34: 3.200000,3.800000,1.600000
35: 3.000000,3.600000,1.600000
36: 2.800000,3.400000,1.400000
37: 2.600000,3.200000,1.400000
38: 2.400000,3.000000,1.400000
39: 2.200000,2.800000,1.400000
40: 2.000000,2.600000,1.400000
41: 1.800000,2.400000,1.400000
42: 1.600000,2.200000,1.200000
43: 1.400000,2.000000,1.200000
44: 1.200000,1.800000,1.000000
45: 1.400000,1.600000,0.800000
46: 1.200000,1.400000,0.600000
47: 1.000000,1.200000,0.600000
48: 0.800000,1.000000,0.400000
49: 0.800000,1.000000,0.200000
50: 0.800000,0.800000,0.200000
51: 0.800000,0.600000,0.200000
52: 0.600000,0.600000,0.200000
53: 0.600000,0.400000,0.200000
54: 0.400000,0.400000,0.200000
55: 0.400000,0.200000,0.200000
56: 0.200000,0.200000,0.200000
TIME: 3243 - SYSTEM: Path:
0: 7.600000,7.600000,3.800000
1: 7.800000,7.600000,3.600000
2: 8.000000,7.600000,3.400000
3: 8.200000,7.600000,3.200000
4: 8.400001,7.600000,3.000000
5: 8.400001,7.600000,2.800000
6: 8.400001,7.600000,2.600000
7: 8.400001,7.400000,2.400000
8: 8.200000,7.400000,2.200000
9: 8.000000,7.200000,2.200000
10: 7.800000,7.200000,2.200000
11: 7.600000,7.000000,2.200000
12: 7.400000,6.800000,2.000000
13: 7.200000,6.600000,2.000000
14: 7.000000,6.400000,2.000000
15: 6.800000,6.200000,2.000000
16: 6.600000,6.200000,1.800000
17: 6.400000,6.000000,1.600000
18: 6.200000,5.800000,1.600000
19: 6.000000,5.800000,1.600000
20: 5.800000,5.600000,1.600000
21: 5.600000,5.400000,1.600000
22: 5.400000,5.200000,1.600000
23: 5.200000,5.000000,1.600000
24: 5.000000,4.800000,1.400000
25: 4.800000,4.600000,1.400000
26: 4.600000,4.400000,1.400000
27: 4.400000,4.200000,1.600000
28: 4.200000,4.200000,1.600000
29: 4.000000,4.400000,1.600000
30: 3.800000,4.400000,1.600000
31: 3.600000,4.200000,1.600000
32: 3.400000,4.200000,1.600000
33: 3.200000,4.000000,1.600000
34: 3.200000,3.800000,1.600000
35: 3.000000,3.600000,1.600000
36: 2.800000,3.400000,1.400000
37: 2.600000,3.200000,1.400000
38: 2.400000,3.000000,1.400000
39: 2.200000,2.800000,1.400000
40: 2.000000,2.600000,1.400000
41: 1.800000,2.400000,1.400000
42: 1.600000,2.200000,1.200000
43: 1.400000,2.000000,1.200000
44: 1.200000,1.800000,1.000000
45: 1.400000,1.600000,0.800000
46: 1.200000,1.400000,0.600000
47: 1.000000,1.200000,0.600000
48: 0.800000,1.000000,0.400000
49: 0.800000,1.000000,0.200000
50: 0.800000,0.800000,0.200000
51: 0.800000,0.600000,0.200000
52: 0.600000,0.600000,0.200000
53: 0.600000,0.400000,0.200000
54: 0.400000,0.400000,0.200000
55: 0.400000,0.200000,0.200000
56: 0.200000,0.200000,0.200000
